     1    700   1603    175
     1    706   1570    175
     1    710   1539    169
     1    716   1506    158
     1    722   1493    161
     2    722   1532    161
     2    759   1524    161
     2    803   1514    161
     2    840   1507    166
     2    880   1494    166
     2    912   1488    155
     3    890   1485    166
     3    892   1459    166
     4    607   1624    237
     4    655   1615    207
     4    673   1614    195
     4    702   1610    177
     4    714   1607    170
     5    780   1511    143
     5    797   1495    139
     5    814   1483    136
     5    821   1477    134
     5    835   1465    135
     6    727   1493    141
     6    758   1506    140
     6    780   1515    146
     6    814   1533    151
     7    844   1564    133
     7    856   1545    133
     7    867   1529    132
     7    879   1513    132
     8    790   1552    128
     8    818   1562    128
     8    844   1567    133
     8    860   1571    134
     8    876   1571    135
     9    676   1689    157
     9    699   1660    150
     9    731   1618    140
     9    774   1562    133
     9    787   1549    128
     9    810   1517    122
    10    851   1625    139
    10    847   1647    137
    10    842   1668    135
    10    839   1685    134
    10    832   1709    131
    10    828   1719    130
    11    579   1654    102
    11    541   1630    102
    12    626   1641    119
    12    598   1654    105
    12    579   1663     98
    12    557   1675     88
    13    656   1474    186
    13    642   1503    182
    13    619   1540    176
    13    598   1576    167
    13    580   1603    161
    13    575   1612    154
    14    654   1500    189
    14    676   1524    201
    15    586   1601    169
    15    598   1621    176
    16    615   1784    164
    16    578   1794    146
    17    548   1795    139
    17    513   1779    146
    18    534   1694    193
    18    556   1693    188
    19    494   1748    201
    19    519   1708    194
    19    528   1689    191
    19    541   1658    185
    20    800   1787    182
    20    783   1759    192
    20    768   1731    202
    20    761   1718    204
    21    781   1770    190
    21    760   1774    198
    22    837   1521    153
    22    840   1557    154
    22    843   1587    155
    22    848   1618    158
    22    851   1642    159
    22    857   1679    162
    23    849   1575    159
    23    868   1579    176
    24    946   1582    175
    24    912   1545    188
    25    936   1562    178
    25    953   1522    169
    26    732   1459    146
    26    794   1408    156
    27    762   1423    152
    27    758   1396    154
    28    934   1771    109
    28    916   1681    129
    28    905   1624    142
    28    902   1604    146
    28    895   1572    156
    28    891   1543    164
    29    891   1581    147
    29    871   1576    140
    30    694   1775    128
    30    678   1747    128
    30    650   1721    133
    30    613   1680    129
    30    582   1641    129
    31    645   1728    132
    31    616   1740    131
    31    586   1750    131
    32    901   1514    134
    32    949   1489    106
    32    973   1475     88
    33    949   1497    111
    33   1017   1529    129
    33   1033   1537    132
    33   1046   1540    141
    34    998   1513    120
    34   1025   1496    103
    35    759   1476    139
    35    799   1511    121
    36    784   1489    126
    36    814   1478    107
