     1     1    850   1454    160
     1     1    847   1455    160
     1     1    851   1456    160
     1     1    857   1458    160
     1     1    859   1459    160
     1     1    862   1460    160
     1     1    865   1460    160
     1     1    870   1460    160
     1     1    873   1460    160
     1     1    876   1460    160
     1     1    882   1459    160
     1     1    886   1459    160
     1     1    890   1458    160
     1     1    897   1455    160
     1     1    902   1453    160
     1     1    907   1450    160
     1     1    911   1450    160
     1     1    917   1449    160
     1     1    923   1447    160
     1     1    927   1445    160
     1     1    931   1443    160
     1     1    936   1436    160
     1     1    939   1430    160
     1     1    943   1425    160
     1     1    946   1419    160
     1     1    948   1413    160
     1     1    949   1410    160
     1     1    950   1404    160
     1     1    951   1399    160
     1     1    952   1394    160
     1     1    953   1389    160
     1     1    954   1384    160
     1     1    955   1378    160
     1     1    956   1376    160
     1     1    957   1373    160
     1     1    958   1368    160
     1     1    959   1365    160
     1     1    959   1362    160
     1     1    959   1358    160
     1     1    959   1352    160
     1     1    958   1346    160
     1     1    957   1343    160
     1     1    955   1338    160
     1     1    953   1333    160
     1     1    952   1329    160
     1     1    950   1327    160
     1     1    947   1322    160
     1     1    945   1318    160
     1     1    941   1314    160
     1     1    938   1310    160
     1     1    935   1308    160
     1     1    932   1306    160
     1     1    925   1303    160
     1     1    919   1301    160
     1     1    915   1299    160
     1     1    910   1298    160
     1     1    906   1296    160
     1     1    902   1294    160
     1     1    897   1293    160
     1     1    892   1292    160
     1     1    886   1292    160
     1     1    878   1292    160
     1     1    875   1292    160
     1     1    870   1293    160
     1     1    865   1294    160
     1     1    859   1294    160
     1     1    856   1295    160
     1     1    852   1296    160
     1     1    848   1298    160
     1     1    843   1299    160
     1     1    836   1302    160
     1     1    833   1304    160
     1     1    828   1308    160
     1     1    824   1312    160
     1     1    820   1315    160
     1     1    817   1318    160
     1     1    813   1321    160
     1     1    810   1325    160
     1     1    806   1329    160
     1     1    804   1331    160
     1     1    802   1333    160
     1     1    798   1338    160
     1     1    795   1343    160
     1     1    794   1347    160
     1     1    793   1352    160
     1     1    792   1356    160
     1     1    792   1361    160
     1     1    791   1367    160
     1     1    791   1372    160
     1     1    791   1377    160
     1     1    791   1383    160
     1     1    791   1389    160
     1     1    792   1394    160
     1     1    793   1401    160
     1     1    795   1407    160
     1     1    797   1412    160
     1     1    799   1417    160
     1     1    801   1421    160
     1     1    804   1425    160
     1     1    806   1428    160
     1     1    809   1432    160
     1     1    815   1438    160
     1     1    819   1442    160
     1     1    825   1447    160
     1     1    828   1449    160
     1     1    834   1452    160
     1     1    837   1454    160
     1     1    840   1455    160
     1     1    842   1455    160
     1     2    825   1444    156
     1     2    825   1444    156
     1     2    832   1448    156
     1     2    838   1451    156
     1     2    843   1453    156
     1     2    847   1454    156
     1     2    851   1455    156
     1     2    854   1456    156
     1     2    859   1457    156
     1     2    868   1458    156
     1     2    873   1459    156
     1     2    881   1459    156
     1     2    886   1458    156
     1     2    892   1457    156
     1     2    897   1454    156
     1     2    901   1452    156
     1     2    905   1450    156
     1     2    913   1447    156
     1     2    917   1444    156
     1     2    921   1441    156
     1     2    924   1438    156
     1     2    927   1433    156
     1     2    929   1428    156
     1     2    932   1424    156
     1     2    934   1420    156
     1     2    937   1415    156
     1     2    940   1411    156
     1     2    942   1407    156
     1     2    945   1403    156
     1     2    947   1400    156
     1     2    948   1396    156
     1     2    950   1388    156
     1     2    951   1385    156
     1     2    951   1382    156
     1     2    951   1379    156
     1     2    951   1372    156
     1     2    951   1368    156
     1     2    951   1365    156
     1     2    950   1363    156
     1     2    949   1360    156
     1     2    947   1355    156
     1     2    946   1352    156
     1     2    946   1348    156
     1     2    944   1345    156
     1     2    943   1342    156
     1     2    940   1338    156
     1     2    938   1336    156
     1     2    935   1332    156
     1     2    933   1330    156
     1     2    929   1327    156
     1     2    925   1325    156
     1     2    921   1322    156
     1     2    915   1317    156
     1     2    912   1314    156
     1     2    907   1311    156
     1     2    904   1309    156
     1     2    902   1308    156
     1     2    897   1306    156
     1     2    894   1305    156
     1     2    889   1303    156
     1     2    884   1301    156
     1     2    880   1300    156
     1     2    875   1298    156
     1     2    871   1298    156
     1     2    864   1298    156
     1     2    860   1299    156
     1     2    854   1300    156
     1     2    848   1301    156
     1     2    842   1302    156
     1     2    839   1303    156
     1     2    833   1305    156
     1     2    825   1309    156
     1     2    823   1310    156
     1     2    818   1314    156
     1     2    814   1317    156
     1     2    812   1319    156
     1     2    809   1322    156
     1     2    806   1325    156
     1     2    803   1330    156
     1     2    800   1335    156
     1     2    798   1340    156
     1     2    796   1343    156
     1     2    794   1348    156
     1     2    792   1353    156
     1     2    790   1358    156
     1     2    789   1364    156
     1     2    789   1370    156
     1     2    789   1375    156
     1     2    789   1379    156
     1     2    789   1384    156
     1     2    789   1387    156
     1     2    790   1390    156
     1     2    792   1396    156
     1     2    795   1403    156
     1     2    796   1406    156
     1     2    799   1410    156
     1     2    801   1414    156
     1     2    803   1418    156
     1     2    806   1423    156
     1     2    808   1428    156
     1     2    811   1433    156
     1     2    812   1435    156
     1     2    816   1439    156
     1     2    818   1441    156
     1     2    821   1443    156
     1     2    824   1444    156
     1     3    838   1451    152
     1     3    838   1451    152
     1     3    839   1452    152
     1     3    846   1454    152
     1     3    851   1455    152
     1     3    856   1456    152
     1     3    860   1457    152
     1     3    865   1459    152
     1     3    870   1459    152
     1     3    875   1460    152
     1     3    881   1460    152
     1     3    884   1460    152
     1     3    888   1460    152
     1     3    893   1458    152
     1     3    895   1458    152
     1     3    901   1455    152
     1     3    905   1454    152
     1     3    910   1452    152
     1     3    914   1450    152
     1     3    918   1448    152
     1     3    922   1446    152
     1     3    925   1443    152
     1     3    928   1439    152
     1     3    931   1436    152
     1     3    934   1433    152
     1     3    937   1428    152
     1     3    939   1424    152
     1     3    941   1421    152
     1     3    942   1418    152
     1     3    944   1413    152
     1     3    947   1408    152
     1     3    950   1403    152
     1     3    952   1398    152
     1     3    953   1394    152
     1     3    954   1389    152
     1     3    954   1383    152
     1     3    955   1378    152
     1     3    955   1373    152
     1     3    955   1367    152
     1     3    954   1363    152
     1     3    952   1358    152
     1     3    949   1351    152
     1     3    947   1349    152
     1     3    945   1344    152
     1     3    941   1337    152
     1     3    938   1333    152
     1     3    935   1329    152
     1     3    932   1325    152
     1     3    928   1321    152
     1     3    924   1317    152
     1     3    919   1314    152
     1     3    917   1312    152
     1     3    912   1310    152
     1     3    909   1309    152
     1     3    907   1308    152
     1     3    902   1308    152
     1     3    898   1307    152
     1     3    893   1307    152
     1     3    885   1306    152
     1     3    882   1306    152
     1     3    879   1307    152
     1     3    871   1309    152
     1     3    862   1311    152
     1     3    859   1313    152
     1     3    856   1314    152
     1     3    851   1316    152
     1     3    846   1318    152
     1     3    840   1320    152
     1     3    836   1322    152
     1     3    832   1324    152
     1     3    827   1326    152
     1     3    823   1329    152
     1     3    820   1331    152
     1     3    817   1334    152
     1     3    814   1337    152
     1     3    811   1340    152
     1     3    808   1344    152
     1     3    806   1348    152
     1     3    803   1353    152
     1     3    802   1356    152
     1     3    801   1359    152
     1     3    800   1364    152
     1     3    800   1369    152
     1     3    800   1374    152
     1     3    800   1379    152
     1     3    800   1387    152
     1     3    800   1390    152
     1     3    801   1393    152
     1     3    803   1401    152
     1     3    806   1409    152
     1     3    808   1414    152
     1     3    810   1419    152
     1     3    813   1425    152
     1     3    815   1429    152
     1     3    816   1433    152
     1     3    819   1438    152
     1     3    821   1440    152
     1     3    823   1443    152
     1     3    825   1445    152
     1     3    827   1446    152
     1     3    829   1448    152
     1     3    831   1449    152
     1     3    835   1451    152
     1     4    857   1455    148
     1     4    861   1456    148
     1     4    865   1457    148
     1     4    870   1457    148
     1     4    876   1457    148
     1     4    882   1458    148
     1     4    886   1457    148
     1     4    890   1457    148
     1     4    893   1455    148
     1     4    898   1452    148
     1     4    903   1450    148
     1     4    907   1448    148
     1     4    915   1445    148
     1     4    918   1444    148
     1     4    921   1442    148
     1     4    925   1440    148
     1     4    931   1434    148
     1     4    934   1430    148
     1     4    936   1428    148
     1     4    938   1424    148
     1     4    940   1419    148
     1     4    943   1413    148
     1     4    945   1408    148
     1     4    947   1403    148
     1     4    949   1399    148
     1     4    951   1390    148
     1     4    952   1385    148
     1     4    952   1380    148
     1     4    952   1376    148
     1     4    951   1367    148
     1     4    950   1361    148
     1     4    950   1358    148
     1     4    947   1351    148
     1     4    945   1347    148
     1     4    943   1342    148
     1     4    941   1339    148
     1     4    939   1335    148
     1     4    935   1330    148
     1     4    932   1325    148
     1     4    930   1323    148
     1     4    926   1320    148
     1     4    923   1317    148
     1     4    919   1314    148
     1     4    915   1312    148
     1     4    911   1310    148
     1     4    906   1307    148
     1     4    901   1306    148
     1     4    896   1305    148
     1     4    892   1304    148
     1     4    887   1304    148
     1     4    878   1304    148
     1     4    875   1304    148
     1     4    871   1304    148
     1     4    866   1306    148
     1     4    860   1307    148
     1     4    855   1310    148
     1     4    850   1311    148
     1     4    846   1313    148
     1     4    842   1314    148
     1     4    838   1316    148
     1     4    835   1318    148
     1     4    828   1323    148
     1     4    825   1325    148
     1     4    822   1328    148
     1     4    817   1334    148
     1     4    815   1338    148
     1     4    812   1343    148
     1     4    810   1348    148
     1     4    809   1353    148
     1     4    807   1358    148
     1     4    806   1363    148
     1     4    804   1368    148
     1     4    804   1371    148
     1     4    803   1373    148
     1     4    803   1380    148
     1     4    803   1385    148
     1     4    804   1389    148
     1     4    804   1394    148
     1     4    805   1399    148
     1     4    806   1403    148
     1     4    808   1408    148
     1     4    810   1413    148
     1     4    812   1417    148
     1     4    814   1422    148
     1     4    817   1426    148
     1     4    818   1430    148
     1     4    820   1434    148
     1     4    824   1442    148
     1     4    826   1445    148
     1     4    829   1448    148
     1     4    832   1450    148
     1     4    835   1451    148
     1     4    838   1452    148
     1     4    845   1454    148
     1     4    849   1454    148
     1     5    862   1458    144
     1     5    868   1458    144
     1     5    873   1458    144
     1     5    881   1458    144
     1     5    884   1457    144
     1     5    887   1457    144
     1     5    890   1456    144
     1     5    898   1453    144
     1     5    904   1452    144
     1     5    910   1450    144
     1     5    918   1447    144
     1     5    922   1445    144
     1     5    928   1440    144
     1     5    930   1438    144
     1     5    933   1432    144
     1     5    936   1428    144
     1     5    939   1423    144
     1     5    942   1419    144
     1     5    944   1414    144
     1     5    946   1410    144
     1     5    947   1406    144
     1     5    948   1400    144
     1     5    949   1395    144
     1     5    950   1389    144
     1     5    950   1386    144
     1     5    950   1383    144
     1     5    950   1377    144
     1     5    950   1370    144
     1     5    950   1364    144
     1     5    949   1359    144
     1     5    948   1354    144
     1     5    947   1350    144
     1     5    946   1346    144
     1     5    943   1341    144
     1     5    941   1337    144
     1     5    939   1333    144
     1     5    935   1330    144
     1     5    932   1326    144
     1     5    929   1324    144
     1     5    925   1321    144
     1     5    920   1319    144
     1     5    917   1314    144
     1     5    915   1312    144
     1     5    913   1310    144
     1     5    910   1308    144
     1     5    906   1307    144
     1     5    902   1305    144
     1     5    898   1304    144
     1     5    893   1303    144
     1     5    888   1303    144
     1     5    883   1303    144
     1     5    879   1303    144
     1     5    875   1304    144
     1     5    868   1306    144
     1     5    863   1309    144
     1     5    861   1311    144
     1     5    857   1313    144
     1     5    852   1314    144
     1     5    846   1315    144
     1     5    840   1316    144
     1     5    838   1317    144
     1     5    832   1319    144
     1     5    827   1321    144
     1     5    825   1322    144
     1     5    820   1326    144
     1     5    815   1330    144
     1     5    812   1332    144
     1     5    810   1335    144
     1     5    808   1338    144
     1     5    805   1343    144
     1     5    801   1348    144
     1     5    798   1353    144
     1     5    797   1356    144
     1     5    796   1359    144
     1     5    796   1361    144
     1     5    796   1369    144
     1     5    797   1376    144
     1     5    797   1381    144
     1     5    796   1388    144
     1     5    795   1394    144
     1     5    796   1400    144
     1     5    797   1402    144
     1     5    797   1405    144
     1     5    799   1410    144
     1     5    801   1415    144
     1     5    803   1417    144
     1     5    806   1422    144
     1     5    808   1426    144
     1     5    812   1430    144
     1     5    817   1435    144
     1     5    821   1439    144
     1     5    824   1443    144
     1     5    827   1444    144
     1     5    831   1448    144
     1     5    837   1452    144
     1     5    843   1455    144
     1     5    851   1457    144
     1     5    854   1458    144
     1     5    859   1458    144
     1     6    887   1448    140
     1     6    885   1449    140
     1     6    890   1452    140
     1     6    895   1451    140
     1     6    900   1450    140
     1     6    907   1446    140
     1     6    912   1444    140
     1     6    916   1442    140
     1     6    920   1440    140
     1     6    924   1437    140
     1     6    928   1435    140
     1     6    933   1432    140
     1     6    937   1428    140
     1     6    939   1426    140
     1     6    941   1422    140
     1     6    943   1418    140
     1     6    947   1411    140
     1     6    948   1408    140
     1     6    949   1403    140
     1     6    950   1395    140
     1     6    950   1390    140
     1     6    950   1385    140
     1     6    950   1379    140
     1     6    949   1373    140
     1     6    949   1369    140
     1     6    949   1364    140
     1     6    948   1360    140
     1     6    947   1355    140
     1     6    945   1350    140
     1     6    943   1346    140
     1     6    940   1341    140
     1     6    937   1336    140
     1     6    936   1333    140
     1     6    931   1327    140
     1     6    930   1324    140
     1     6    926   1320    140
     1     6    919   1315    140
     1     6    917   1314    140
     1     6    912   1312    140
     1     6    908   1310    140
     1     6    903   1308    140
     1     6    895   1306    140
     1     6    889   1306    140
     1     6    884   1306    140
     1     6    879   1306    140
     1     6    871   1306    140
     1     6    864   1306    140
     1     6    858   1308    140
     1     6    850   1310    140
     1     6    847   1311    140
     1     6    840   1314    140
     1     6    835   1316    140
     1     6    830   1318    140
     1     6    825   1321    140
     1     6    820   1322    140
     1     6    815   1325    140
     1     6    807   1327    140
     1     6    801   1331    140
     1     6    797   1335    140
     1     6    792   1341    140
     1     6    790   1343    140
     1     6    788   1347    140
     1     6    786   1352    140
     1     6    785   1358    140
     1     6    785   1364    140
     1     6    786   1368    140
     1     6    788   1373    140
     1     6    791   1380    140
     1     6    793   1384    140
     1     6    796   1391    140
     1     6    799   1395    140
     1     6    802   1399    140
     1     6    806   1405    140
     1     6    809   1410    140
     1     6    812   1414    140
     1     6    813   1416    140
     1     6    817   1420    140
     1     6    822   1424    140
     1     6    825   1426    140
     1     6    830   1429    140
     1     6    834   1431    140
     1     6    839   1434    140
     1     6    844   1436    140
     1     6    849   1439    140
     1     6    857   1443    140
     1     6    861   1445    140
     1     6    869   1448    140
     1     6    872   1449    140
     1     6    880   1450    140
     1     7    876   1446    136
     1     7    872   1446    136
     1     7    877   1447    136
     1     7    883   1448    136
     1     7    889   1451    136
     1     7    894   1452    136
     1     7    899   1452    136
     1     7    903   1452    136
     1     7    908   1451    136
     1     7    912   1449    136
     1     7    916   1448    136
     1     7    920   1446    136
     1     7    923   1443    136
     1     7    927   1439    136
     1     7    932   1435    136
     1     7    935   1432    136
     1     7    939   1429    136
     1     7    942   1425    136
     1     7    944   1419    136
     1     7    946   1414    136
     1     7    947   1412    136
     1     7    948   1408    136
     1     7    949   1403    136
     1     7    950   1398    136
     1     7    951   1394    136
     1     7    954   1387    136
     1     7    956   1383    136
     1     7    956   1376    136
     1     7    956   1372    136
     1     7    955   1368    136
     1     7    952   1362    136
     1     7    949   1357    136
     1     7    947   1352    136
     1     7    944   1347    136
     1     7    940   1341    136
     1     7    937   1337    136
     1     7    935   1335    136
     1     7    933   1333    136
     1     7    927   1329    136
     1     7    922   1326    136
     1     7    914   1324    136
     1     7    906   1320    136
     1     7    900   1317    136
     1     7    897   1317    136
     1     7    894   1316    136
     1     7    890   1316    136
     1     7    885   1315    136
     1     7    876   1315    136
     1     7    873   1315    136
     1     7    868   1316    136
     1     7    861   1318    136
     1     7    854   1320    136
     1     7    848   1323    136
     1     7    845   1324    136
     1     7    841   1327    136
     1     7    837   1330    136
     1     7    835   1331    136
     1     7    833   1333    136
     1     7    829   1337    136
     1     7    828   1339    136
     1     7    826   1341    136
     1     7    823   1346    136
     1     7    820   1352    136
     1     7    818   1357    136
     1     7    817   1362    136
     1     7    816   1367    136
     1     7    815   1372    136
     1     7    815   1377    136
     1     7    815   1382    136
     1     7    815   1390    136
     1     7    816   1395    136
     1     7    817   1401    136
     1     7    819   1405    136
     1     7    821   1410    136
     1     7    822   1413    136
     1     7    825   1417    136
     1     7    829   1422    136
     1     7    832   1426    136
     1     7    838   1432    136
     1     7    840   1433    136
     1     7    844   1435    136
     1     7    848   1438    136
     1     7    853   1440    136
     1     7    860   1444    136
     1     7    868   1446    136
     1     8    875   1444    132
     1     8    875   1444    132
     1     8    880   1447    132
     1     8    885   1447    132
     1     8    889   1447    132
     1     8    895   1448    132
     1     8    901   1448    132
     1     8    904   1448    132
     1     8    909   1446    132
     1     8    913   1444    132
     1     8    919   1442    132
     1     8    925   1437    132
     1     8    928   1434    132
     1     8    932   1431    132
     1     8    935   1426    132
     1     8    937   1424    132
     1     8    938   1421    132
     1     8    942   1415    132
     1     8    945   1410    132
     1     8    946   1407    132
     1     8    947   1405    132
     1     8    948   1401    132
     1     8    948   1396    132
     1     8    948   1392    132
     1     8    948   1386    132
     1     8    948   1381    132
     1     8    947   1377    132
     1     8    946   1373    132
     1     8    944   1370    132
     1     8    941   1366    132
     1     8    937   1362    132
     1     8    934   1358    132
     1     8    930   1355    132
     1     8    927   1351    132
     1     8    922   1345    132
     1     8    920   1343    132
     1     8    916   1340    132
     1     8    912   1337    132
     1     8    908   1335    132
     1     8    902   1330    132
     1     8    899   1329    132
     1     8    894   1327    132
     1     8    890   1325    132
     1     8    886   1324    132
     1     8    882   1323    132
     1     8    876   1323    132
     1     8    871   1322    132
     1     8    865   1322    132
     1     8    859   1322    132
     1     8    854   1322    132
     1     8    850   1322    132
     1     8    842   1322    132
     1     8    836   1323    132
     1     8    833   1324    132
     1     8    828   1327    132
     1     8    824   1329    132
     1     8    820   1332    132
     1     8    816   1335    132
     1     8    812   1338    132
     1     8    810   1340    132
     1     8    808   1342    132
     1     8    804   1347    132
     1     8    801   1352    132
     1     8    800   1354    132
     1     8    799   1356    132
     1     8    797   1360    132
     1     8    797   1365    132
     1     8    797   1370    132
     1     8    797   1375    132
     1     8    797   1379    132
     1     8    799   1386    132
     1     8    802   1391    132
     1     8    804   1396    132
     1     8    808   1401    132
     1     8    809   1404    132
     1     8    812   1408    132
     1     8    818   1414    132
     1     8    824   1419    132
     1     8    828   1422    132
     1     8    834   1427    132
     1     8    837   1430    132
     1     8    841   1433    132
     1     8    846   1435    132
     1     8    850   1437    132
     1     8    854   1439    132
     1     8    861   1443    132
     1     8    864   1444    132
     1     8    867   1444    132
     1     9    858   1436    128
     1     9    857   1437    128
     1     9    862   1438    128
     1     9    866   1439    128
     1     9    871   1442    128
     1     9    876   1444    128
     1     9    881   1446    128
     1     9    888   1447    128
     1     9    893   1447    128
     1     9    898   1446    128
     1     9    903   1446    128
     1     9    908   1443    128
     1     9    913   1440    128
     1     9    918   1438    128
     1     9    920   1437    128
     1     9    925   1433    128
     1     9    929   1429    128
     1     9    933   1424    128
     1     9    936   1420    128
     1     9    939   1415    128
     1     9    943   1410    128
     1     9    946   1405    128
     1     9    948   1397    128
     1     9    948   1392    128
     1     9    948   1384    128
     1     9    948   1381    128
     1     9    947   1378    128
     1     9    945   1373    128
     1     9    943   1369    128
     1     9    941   1365    128
     1     9    940   1362    128
     1     9    937   1358    128
     1     9    935   1354    128
     1     9    931   1349    128
     1     9    926   1342    128
     1     9    923   1339    128
     1     9    919   1336    128
     1     9    917   1334    128
     1     9    912   1331    128
     1     9    907   1329    128
     1     9    901   1326    128
     1     9    896   1325    128
     1     9    890   1324    128
     1     9    883   1323    128
     1     9    879   1322    128
     1     9    874   1320    128
     1     9    868   1318    128
     1     9    865   1317    128
     1     9    860   1316    128
     1     9    855   1316    128
     1     9    850   1316    128
     1     9    844   1317    128
     1     9    839   1318    128
     1     9    834   1319    128
     1     9    829   1321    128
     1     9    825   1322    128
     1     9    822   1324    128
     1     9    818   1327    128
     1     9    816   1328    128
     1     9    814   1330    128
     1     9    811   1333    128
     1     9    809   1337    128
     1     9    806   1342    128
     1     9    803   1347    128
     1     9    802   1350    128
     1     9    801   1353    128
     1     9    799   1361    128
     1     9    797   1364    128
     1     9    796   1368    128
     1     9    796   1373    128
     1     9    796   1381    128
     1     9    796   1384    128
     1     9    797   1388    128
     1     9    799   1392    128
     1     9    800   1396    128
     1     9    802   1401    128
     1     9    806   1406    128
     1     9    808   1410    128
     1     9    811   1414    128
     1     9    813   1418    128
     1     9    817   1422    128
     1     9    820   1425    128
     1     9    823   1430    128
     1     9    826   1431    128
     1     9    831   1435    128
     1     9    835   1437    128
     1     9    845   1438    128
     1     9    849   1438    128
     1     9    853   1438    128
     1     9    856   1437    128
     1    10    815   1416    124
     1    10    815   1415    124
     1    10    820   1421    124
     1    10    824   1427    124
     1    10    830   1431    124
     1    10    832   1433    124
     1    10    837   1434    124
     1    10    845   1436    124
     1    10    850   1439    124
     1    10    853   1440    124
     1    10    859   1442    124
     1    10    863   1443    124
     1    10    869   1445    124
     1    10    874   1446    124
     1    10    879   1446    124
     1    10    884   1446    124
     1    10    889   1446    124
     1    10    894   1445    124
     1    10    897   1444    124
     1    10    901   1442    124
     1    10    905   1440    124
     1    10    912   1436    124
     1    10    918   1432    124
     1    10    921   1429    124
     1    10    925   1425    124
     1    10    929   1419    124
     1    10    931   1414    124
     1    10    934   1410    124
     1    10    937   1402    124
     1    10    939   1396    124
     1    10    940   1393    124
     1    10    940   1389    124
     1    10    940   1381    124
     1    10    939   1375    124
     1    10    937   1370    124
     1    10    936   1366    124
     1    10    935   1361    124
     1    10    932   1357    124
     1    10    930   1352    124
     1    10    928   1350    124
     1    10    927   1347    124
     1    10    924   1344    124
     1    10    921   1340    124
     1    10    916   1334    124
     1    10    910   1330    124
     1    10    904   1327    124
     1    10    900   1325    124
     1    10    896   1324    124
     1    10    891   1322    124
     1    10    886   1322    124
     1    10    881   1322    124
     1    10    877   1322    124
     1    10    872   1322    124
     1    10    867   1322    124
     1    10    862   1322    124
     1    10    856   1322    124
     1    10    853   1322    124
     1    10    849   1323    124
     1    10    845   1323    124
     1    10    842   1324    124
     1    10    837   1326    124
     1    10    832   1328    124
     1    10    829   1330    124
     1    10    826   1334    124
     1    10    822   1337    124
     1    10    818   1341    124
     1    10    815   1346    124
     1    10    813   1348    124
     1    10    812   1350    124
     1    10    810   1355    124
     1    10    808   1360    124
     1    10    807   1363    124
     1    10    807   1368    124
     1    10    806   1373    124
     1    10    806   1378    124
     1    10    806   1384    124
     1    10    806   1389    124
     1    10    806   1394    124
     1    10    806   1396    124
     1    10    808   1402    124
     1    10    810   1408    124
     1    10    812   1411    124
     1    11    855   1441    120
     1    11    860   1442    120
     1    11    864   1443    120
     1    11    869   1443    120
     1    11    874   1444    120
     1    11    879   1444    120
     1    11    887   1444    120
     1    11    892   1443    120
     1    11    897   1440    120
     1    11    901   1438    120
     1    11    907   1434    120
     1    11    913   1430    120
     1    11    918   1424    120
     1    11    920   1422    120
     1    11    924   1417    120
     1    11    930   1411    120
     1    11    932   1406    120
     1    11    935   1400    120
     1    11    937   1396    120
     1    11    938   1390    120
     1    11    939   1385    120
     1    11    940   1380    120
     1    11    940   1375    120
     1    11    941   1369    120
     1    11    941   1366    120
     1    11    940   1363    120
     1    11    939   1360    120
     1    11    937   1356    120
     1    11    934   1352    120
     1    11    931   1344    120
     1    11    929   1341    120
     1    11    928   1338    120
     1    11    924   1333    120
     1    11    922   1330    120
     1    11    918   1326    120
     1    11    913   1320    120
     1    11    911   1319    120
     1    11    906   1316    120
     1    11    902   1314    120
     1    11    897   1312    120
     1    11    891   1311    120
     1    11    886   1309    120
     1    11    883   1309    120
     1    11    879   1309    120
     1    11    874   1309    120
     1    11    869   1309    120
     1    11    865   1310    120
     1    11    862   1311    120
     1    11    855   1314    120
     1    11    851   1316    120
     1    11    847   1318    120
     1    11    841   1322    120
     1    11    838   1324    120
     1    11    832   1327    120
     1    11    828   1330    120
     1    11    822   1336    120
     1    11    818   1340    120
     1    11    816   1343    120
     1    11    814   1346    120
     1    11    812   1350    120
     1    11    810   1354    120
     1    11    809   1357    120
     1    11    807   1364    120
     1    11    807   1366    120
     1    11    806   1371    120
     1    11    806   1374    120
     1    11    806   1379    120
     1    11    806   1383    120
     1    11    806   1388    120
     1    11    806   1392    120
     1    11    807   1398    120
     1    11    808   1403    120
     1    11    809   1406    120
     1    11    810   1411    120
     1    11    813   1417    120
     1    11    815   1421    120
     1    11    817   1424    120
     1    11    820   1426    120
     1    11    823   1431    120
     1    11    828   1435    120
     1    11    830   1437    120
     1    11    833   1439    120
     1    11    836   1440    120
     1    11    839   1441    120
     1    11    842   1441    120
     1    11    844   1441    120
     1    11    847   1441    120
     1    12    817   1426    116
     1    12    818   1427    116
     1    12    820   1432    116
     1    12    823   1436    116
     1    12    827   1439    116
     1    12    829   1440    116
     1    12    832   1441    116
     1    12    834   1442    116
     1    12    842   1444    116
     1    12    847   1445    116
     1    12    852   1446    116
     1    12    857   1447    116
     1    12    862   1447    116
     1    12    866   1448    116
     1    12    870   1448    116
     1    12    875   1448    116
     1    12    881   1448    116
     1    12    887   1448    116
     1    12    896   1446    116
     1    12    902   1443    116
     1    12    907   1440    116
     1    12    909   1438    116
     1    12    913   1434    116
     1    12    917   1430    116
     1    12    920   1425    116
     1    12    922   1423    116
     1    12    925   1416    116
     1    12    926   1413    116
     1    12    927   1409    116
     1    12    930   1401    116
     1    12    932   1395    116
     1    12    933   1390    116
     1    12    934   1384    116
     1    12    934   1379    116
     1    12    934   1374    116
     1    12    934   1369    116
     1    12    934   1364    116
     1    12    934   1359    116
     1    12    934   1354    116
     1    12    933   1348    116
     1    12    931   1345    116
     1    12    930   1342    116
     1    12    927   1337    116
     1    12    924   1333    116
     1    12    921   1330    116
     1    12    918   1326    116
     1    12    914   1323    116
     1    12    909   1320    116
     1    12    902   1315    116
     1    12    899   1312    116
     1    12    895   1309    116
     1    12    891   1307    116
     1    12    886   1304    116
     1    12    881   1302    116
     1    12    876   1302    116
     1    12    869   1303    116
     1    12    864   1304    116
     1    12    860   1306    116
     1    12    856   1307    116
     1    12    850   1310    116
     1    12    847   1311    116
     1    12    842   1314    116
     1    12    836   1317    116
     1    12    829   1321    116
     1    12    826   1323    116
     1    12    823   1327    116
     1    12    819   1330    116
     1    12    817   1332    116
     1    12    812   1337    116
     1    12    809   1342    116
     1    12    807   1347    116
     1    12    805   1353    116
     1    12    804   1358    116
     1    12    804   1362    116
     1    12    804   1367    116
     1    12    803   1372    116
     1    12    803   1377    116
     1    12    803   1381    116
     1    12    803   1387    116
     1    12    804   1393    116
     1    12    804   1397    116
     1    12    805   1402    116
     1    12    807   1409    116
     1    12    807   1412    116
     1    12    808   1414    116
     1    12    810   1418    116
     1    12    815   1424    116
     1    13    852   1456    164
     1    13    857   1458    164
     1    13    860   1459    164
     1    13    864   1459    164
     1    13    869   1459    164
     1    13    874   1459    164
     1    13    878   1459    164
     1    13    886   1458    164
     1    13    889   1457    164
     1    13    895   1456    164
     1    13    900   1454    164
     1    13    905   1453    164
     1    13    912   1451    164
     1    13    915   1449    164
     1    13    920   1447    164
     1    13    925   1444    164
     1    13    927   1442    164
     1    13    931   1439    164
     1    13    934   1435    164
     1    13    937   1432    164
     1    13    940   1428    164
     1    13    943   1424    164
     1    13    946   1420    164
     1    13    949   1417    164
     1    13    955   1411    164
     1    13    957   1405    164
     1    13    960   1399    164
     1    13    962   1394    164
     1    13    963   1389    164
     1    13    964   1384    164
     1    13    964   1378    164
     1    13    965   1373    164
     1    13    964   1370    164
     1    13    963   1366    164
     1    13    961   1361    164
     1    13    960   1358    164
     1    13    958   1354    164
     1    13    956   1348    164
     1    13    954   1340    164
     1    13    951   1333    164
     1    13    949   1329    164
     1    13    946   1325    164
     1    13    942   1321    164
     1    13    938   1317    164
     1    13    934   1313    164
     1    13    931   1311    164
     1    13    926   1308    164
     1    13    921   1306    164
     1    13    913   1303    164
     1    13    910   1301    164
     1    13    907   1301    164
     1    13    902   1299    164
     1    13    896   1298    164
     1    13    891   1297    164
     1    13    886   1297    164
     1    13    881   1296    164
     1    13    876   1296    164
     1    13    869   1296    164
     1    13    863   1296    164
     1    13    859   1297    164
     1    13    852   1299    164
     1    13    846   1300    164
     1    13    844   1300    164
     1    13    841   1300    164
     1    13    836   1302    164
     1    13    832   1303    164
     1    13    828   1305    164
     1    13    824   1307    164
     1    13    820   1310    164
     1    13    817   1313    164
     1    13    814   1316    164
     1    13    812   1319    164
     1    13    809   1326    164
     1    13    808   1332    164
     1    13    806   1336    164
     1    13    803   1341    164
     1    13    801   1346    164
     1    13    800   1350    164
     1    13    798   1354    164
     1    13    797   1359    164
     1    13    795   1363    164
     1    13    795   1368    164
     1    13    794   1373    164
     1    13    793   1376    164
     1    13    793   1378    164
     1    13    793   1386    164
     1    13    793   1392    164
     1    13    793   1395    164
     1    13    794   1400    164
     1    13    795   1404    164
     1    13    796   1409    164
     1    13    798   1413    164
     1    13    800   1418    164
     1    13    803   1423    164
     1    13    806   1427    164
     1    13    807   1429    164
     1    13    810   1434    164
     1    13    815   1440    164
     1    13    818   1443    164
     1    13    824   1447    164
     1    13    826   1448    164
     1    13    829   1449    164
     1    13    832   1450    164
     1    13    836   1451    164
     1    13    843   1455    164
     1    13    846   1456    164
     1    13    849   1456    164
     1    14    817   1437    168
     1    14    817   1437    168
     1    14    823   1442    168
     1    14    829   1446    168
     1    14    834   1449    168
     1    14    838   1452    168
     1    14    844   1456    168
     1    14    848   1458    168
     1    14    853   1460    168
     1    14    856   1461    168
     1    14    861   1461    168
     1    14    866   1461    168
     1    14    871   1461    168
     1    14    877   1461    168
     1    14    879   1461    168
     1    14    882   1460    168
     1    14    885   1459    168
     1    14    891   1456    168
     1    14    895   1454    168
     1    14    900   1452    168
     1    14    905   1451    168
     1    14    909   1449    168
     1    14    913   1447    168
     1    14    917   1444    168
     1    14    923   1442    168
     1    14    928   1439    168
     1    14    932   1437    168
     1    14    937   1435    168
     1    14    940   1433    168
     1    14    944   1430    168
     1    14    949   1426    168
     1    14    954   1420    168
     1    14    956   1417    168
     1    14    959   1410    168
     1    14    960   1407    168
     1    14    960   1404    168
     1    14    961   1399    168
     1    14    962   1393    168
     1    14    962   1388    168
     1    14    962   1383    168
     1    14    962   1379    168
     1    14    961   1374    168
     1    14    961   1369    168
     1    14    959   1361    168
     1    14    958   1356    168
     1    14    956   1351    168
     1    14    954   1345    168
     1    14    950   1341    168
     1    14    947   1336    168
     1    14    943   1329    168
     1    14    940   1324    168
     1    14    936   1319    168
     1    14    931   1314    168
     1    14    927   1312    168
     1    14    923   1310    168
     1    14    918   1308    168
     1    14    912   1306    168
     1    14    907   1304    168
     1    14    902   1302    168
     1    14    898   1301    168
     1    14    893   1299    168
     1    14    890   1298    168
     1    14    887   1296    168
     1    14    885   1295    168
     1    14    881   1294    168
     1    14    876   1294    168
     1    14    872   1294    168
     1    14    866   1296    168
     1    14    861   1297    168
     1    14    856   1298    168
     1    14    849   1299    168
     1    14    846   1300    168
     1    14    840   1302    168
     1    14    836   1304    168
     1    14    830   1307    168
     1    14    827   1308    168
     1    14    825   1309    168
     1    14    823   1311    168
     1    14    817   1315    168
     1    14    814   1317    168
     1    14    810   1322    168
     1    14    807   1325    168
     1    14    804   1330    168
     1    14    801   1334    168
     1    14    800   1337    168
     1    14    799   1343    168
     1    14    798   1349    168
     1    14    797   1355    168
     1    14    797   1360    168
     1    14    797   1365    168
     1    14    797   1369    168
     1    14    797   1375    168
     1    14    797   1380    168
     1    14    797   1385    168
     1    14    797   1391    168
     1    14    797   1397    168
     1    14    797   1404    168
     1    14    798   1407    168
     1    14    800   1412    168
     1    14    802   1417    168
     1    14    803   1421    168
     1    14    805   1426    168
     1    14    808   1430    168
     1    14    812   1433    168
     1    14    817   1437    168
     1    15    833   1444    172
     1    15    832   1444    172
     1    15    837   1447    172
     1    15    844   1451    172
     1    15    848   1453    172
     1    15    853   1454    172
     1    15    858   1455    172
     1    15    862   1455    172
     1    15    867   1455    172
     1    15    873   1454    172
     1    15    877   1453    172
     1    15    882   1452    172
     1    15    889   1451    172
     1    15    895   1449    172
     1    15    897   1448    172
     1    15    903   1446    172
     1    15    907   1444    172
     1    15    912   1441    172
     1    15    917   1439    172
     1    15    919   1438    172
     1    15    925   1434    172
     1    15    929   1432    172
     1    15    933   1429    172
     1    15    938   1426    172
     1    15    940   1424    172
     1    15    942   1423    172
     1    15    946   1419    172
     1    15    949   1415    172
     1    15    953   1409    172
     1    15    956   1402    172
     1    15    957   1396    172
     1    15    957   1393    172
     1    15    957   1388    172
     1    15    957   1381    172
     1    15    957   1377    172
     1    15    955   1372    172
     1    15    954   1364    172
     1    15    952   1360    172
     1    15    950   1356    172
     1    15    948   1353    172
     1    15    946   1350    172
     1    15    944   1346    172
     1    15    943   1344    172
     1    15    939   1340    172
     1    15    936   1335    172
     1    15    933   1332    172
     1    15    928   1327    172
     1    15    926   1324    172
     1    15    920   1321    172
     1    15    913   1317    172
     1    15    905   1315    172
     1    15    901   1314    172
     1    15    896   1313    172
     1    15    891   1313    172
     1    15    885   1312    172
     1    15    881   1312    172
     1    15    873   1310    172
     1    15    870   1309    172
     1    15    864   1307    172
     1    15    861   1307    172
     1    15    856   1306    172
     1    15    850   1306    172
     1    15    845   1307    172
     1    15    842   1308    172
     1    15    840   1309    172
     1    15    837   1310    172
     1    15    835   1312    172
     1    15    831   1314    172
     1    15    828   1316    172
     1    15    826   1317    172
     1    15    822   1320    172
     1    15    818   1324    172
     1    15    813   1329    172
     1    15    810   1332    172
     1    15    808   1336    172
     1    15    807   1338    172
     1    15    806   1341    172
     1    15    805   1343    172
     1    15    805   1349    172
     1    15    804   1354    172
     1    15    803   1356    172
     1    15    802   1361    172
     1    15    802   1366    172
     1    15    801   1370    172
     1    15    801   1375    172
     1    15    801   1379    172
     1    15    801   1387    172
     1    15    802   1391    172
     1    15    803   1395    172
     1    15    804   1401    172
     1    15    805   1406    172
     1    15    806   1411    172
     1    15    808   1417    172
     1    15    811   1424    172
     1    15    813   1426    172
     1    15    814   1428    172
     1    15    818   1433    172
     1    15    822   1437    172
     1    15    824   1439    172
     1    15    826   1441    172
     1    15    829   1443    172
     1    16    838   1443    176
     1    16    842   1445    176
     1    16    847   1446    176
     1    16    851   1448    176
     1    16    856   1449    176
     1    16    861   1451    176
     1    16    864   1452    176
     1    16    871   1452    176
     1    16    874   1452    176
     1    16    877   1452    176
     1    16    886   1450    176
     1    16    889   1450    176
     1    16    892   1449    176
     1    16    896   1447    176
     1    16    901   1445    176
     1    16    903   1444    176
     1    16    906   1443    176
     1    16    910   1440    176
     1    16    915   1437    176
     1    16    917   1436    176
     1    16    921   1432    176
     1    16    928   1427    176
     1    16    932   1425    176
     1    16    935   1422    176
     1    16    939   1419    176
     1    16    943   1414    176
     1    16    945   1412    176
     1    16    947   1407    176
     1    16    949   1403    176
     1    16    950   1400    176
     1    16    950   1397    176
     1    16    951   1395    176
     1    16    952   1389    176
     1    16    952   1387    176
     1    16    953   1381    176
     1    16    953   1376    176
     1    16    953   1370    176
     1    16    953   1367    176
     1    16    951   1359    176
     1    16    949   1355    176
     1    16    946   1351    176
     1    16    944   1347    176
     1    16    941   1343    176
     1    16    937   1339    176
     1    16    934   1336    176
     1    16    930   1333    176
     1    16    926   1330    176
     1    16    922   1327    176
     1    16    918   1325    176
     1    16    913   1322    176
     1    16    909   1318    176
     1    16    902   1315    176
     1    16    895   1311    176
     1    16    891   1309    176
     1    16    886   1308    176
     1    16    881   1307    176
     1    16    876   1306    176
     1    16    871   1306    176
     1    16    867   1305    176
     1    16    861   1305    176
     1    16    853   1305    176
     1    16    851   1306    176
     1    16    847   1307    176
     1    16    842   1310    176
     1    16    837   1313    176
     1    16    832   1317    176
     1    16    828   1320    176
     1    16    824   1323    176
     1    16    821   1326    176
     1    16    818   1329    176
     1    16    813   1336    176
     1    16    810   1341    176
     1    16    808   1346    176
     1    16    806   1350    176
     1    16    804   1357    176
     1    16    802   1363    176
     1    16    801   1369    176
     1    16    801   1375    176
     1    16    801   1380    176
     1    16    801   1384    176
     1    16    801   1389    176
     1    16    801   1393    176
     1    16    801   1398    176
     1    16    802   1402    176
     1    16    802   1407    176
     1    16    803   1415    176
     1    16    803   1419    176
     1    16    804   1423    176
     1    16    808   1429    176
     1    16    812   1434    176
     1    16    818   1438    176
     1    16    822   1441    176
     1    16    825   1442    176
     1    16    833   1443    176
     1    17    827   1436    180
     1    17    831   1439    180
     1    17    834   1443    180
     1    17    837   1445    180
     1    17    843   1447    180
     1    17    847   1449    180
     1    17    851   1450    180
     1    17    856   1452    180
     1    17    862   1453    180
     1    17    864   1453    180
     1    17    870   1453    180
     1    17    876   1453    180
     1    17    881   1454    180
     1    17    887   1453    180
     1    17    892   1452    180
     1    17    895   1451    180
     1    17    900   1450    180
     1    17    904   1449    180
     1    17    912   1445    180
     1    17    916   1443    180
     1    17    919   1439    180
     1    17    923   1435    180
     1    17    926   1430    180
     1    17    929   1425    180
     1    17    931   1421    180
     1    17    934   1417    180
     1    17    936   1413    180
     1    17    938   1408    180
     1    17    940   1404    180
     1    17    943   1399    180
     1    17    946   1393    180
     1    17    947   1387    180
     1    17    948   1382    180
     1    17    949   1376    180
     1    17    949   1372    180
     1    17    949   1367    180
     1    17    948   1364    180
     1    17    947   1359    180
     1    17    945   1354    180
     1    17    944   1350    180
     1    17    941   1346    180
     1    17    938   1341    180
     1    17    933   1336    180
     1    17    930   1332    180
     1    17    927   1328    180
     1    17    921   1322    180
     1    17    918   1320    180
     1    17    914   1318    180
     1    17    910   1316    180
     1    17    906   1314    180
     1    17    902   1314    180
     1    17    897   1313    180
     1    17    893   1312    180
     1    17    886   1310    180
     1    17    883   1310    180
     1    17    875   1308    180
     1    17    871   1308    180
     1    17    866   1308    180
     1    17    861   1308    180
     1    17    855   1308    180
     1    17    852   1308    180
     1    17    847   1310    180
     1    17    842   1311    180
     1    17    837   1314    180
     1    17    832   1317    180
     1    17    828   1321    180
     1    17    824   1325    180
     1    17    822   1327    180
     1    17    817   1334    180
     1    17    814   1338    180
     1    17    812   1341    180
     1    17    809   1346    180
     1    17    807   1350    180
     1    17    805   1355    180
     1    17    803   1360    180
     1    17    802   1364    180
     1    17    801   1367    180
     1    17    801   1373    180
     1    17    801   1380    180
     1    17    801   1386    180
     1    17    801   1391    180
     1    17    802   1393    180
     1    17    802   1396    180
     1    17    804   1402    180
     1    17    804   1406    180
     1    17    805   1411    180
     1    17    805   1415    180
     1    17    805   1418    180
     1    17    807   1421    180
     1    17    808   1424    180
     1    17    810   1427    180
     1    17    813   1430    180
     1    17    816   1432    180
     1    17    818   1433    180
     1    17    821   1435    180
     1    17    824   1436    180
     1    17    827   1436    180
     1    17    828   1436    180
     1    18    801   1402    184
     1    18    800   1401    184
     1    18    800   1400    184
     1    18    800   1401    184
     1    18    802   1406    184
     1    18    805   1413    184
     1    18    808   1419    184
     1    18    810   1421    184
     1    18    813   1426    184
     1    18    818   1431    184
     1    18    825   1436    184
     1    18    829   1439    184
     1    18    834   1442    184
     1    18    841   1446    184
     1    18    843   1448    184
     1    18    846   1450    184
     1    18    853   1452    184
     1    18    859   1452    184
     1    18    865   1452    184
     1    18    870   1452    184
     1    18    875   1452    184
     1    18    882   1451    184
     1    18    887   1450    184
     1    18    889   1450    184
     1    18    894   1448    184
     1    18    899   1446    184
     1    18    904   1444    184
     1    18    908   1442    184
     1    18    912   1439    184
     1    18    915   1438    184
     1    18    918   1434    184
     1    18    920   1432    184
     1    18    922   1430    184
     1    18    926   1427    184
     1    18    927   1425    184
     1    18    929   1422    184
     1    18    932   1418    184
     1    18    935   1414    184
     1    18    938   1409    184
     1    18    940   1405    184
     1    18    943   1401    184
     1    18    944   1399    184
     1    18    946   1394    184
     1    18    948   1388    184
     1    18    949   1382    184
     1    18    949   1377    184
     1    18    949   1371    184
     1    18    949   1368    184
     1    18    948   1365    184
     1    18    947   1360    184
     1    18    945   1354    184
     1    18    943   1350    184
     1    18    940   1346    184
     1    18    938   1343    184
     1    18    935   1339    184
     1    18    932   1335    184
     1    18    927   1331    184
     1    18    923   1327    184
     1    18    919   1324    184
     1    18    914   1321    184
     1    18    910   1319    184
     1    18    906   1317    184
     1    18    902   1315    184
     1    18    897   1314    184
     1    18    892   1313    184
     1    18    888   1311    184
     1    18    883   1311    184
     1    18    878   1310    184
     1    18    873   1309    184
     1    18    868   1308    184
     1    18    862   1308    184
     1    18    856   1308    184
     1    18    851   1308    184
     1    18    847   1309    184
     1    18    843   1310    184
     1    18    839   1312    184
     1    18    834   1314    184
     1    18    832   1316    184
     1    18    828   1319    184
     1    18    821   1324    184
     1    18    819   1326    184
     1    18    817   1329    184
     1    18    814   1334    184
     1    18    811   1338    184
     1    18    809   1344    184
     1    18    806   1348    184
     1    18    804   1353    184
     1    18    802   1358    184
     1    18    801   1360    184
     1    18    800   1366    184
     1    18    800   1371    184
     1    18    799   1376    184
     1    18    798   1381    184
     1    18    798   1386    184
     1    18    798   1395    184
     1    18    799   1398    184
     1    19    819   1414    188
     1    19    819   1413    188
     1    19    817   1421    188
     1    19    820   1425    188
     1    19    823   1430    188
     1    19    827   1433    188
     1    19    829   1434    188
     1    19    831   1435    188
     1    19    836   1438    188
     1    19    840   1440    188
     1    19    845   1442    188
     1    19    849   1444    188
     1    19    852   1445    188
     1    19    854   1446    188
     1    19    860   1446    188
     1    19    865   1446    188
     1    19    870   1446    188
     1    19    875   1446    188
     1    19    881   1446    188
     1    19    887   1446    188
     1    19    890   1446    188
     1    19    895   1445    188
     1    19    898   1444    188
     1    19    903   1443    188
     1    19    908   1441    188
     1    19    915   1438    188
     1    19    917   1436    188
     1    19    921   1433    188
     1    19    924   1430    188
     1    19    927   1427    188
     1    19    933   1422    188
     1    19    934   1420    188
     1    19    937   1415    188
     1    19    940   1411    188
     1    19    943   1404    188
     1    19    944   1401    188
     1    19    945   1398    188
     1    19    946   1392    188
     1    19    946   1385    188
     1    19    946   1380    188
     1    19    945   1375    188
     1    19    944   1370    188
     1    19    941   1364    188
     1    19    940   1361    188
     1    19    937   1357    188
     1    19    933   1353    188
     1    19    930   1350    188
     1    19    927   1346    188
     1    19    925   1344    188
     1    19    921   1341    188
     1    19    917   1338    188
     1    19    912   1335    188
     1    19    906   1331    188
     1    19    904   1330    188
     1    19    899   1329    188
     1    19    893   1327    188
     1    19    889   1326    188
     1    19    884   1324    188
     1    19    876   1323    188
     1    19    871   1322    188
     1    19    866   1322    188
     1    19    860   1322    188
     1    19    857   1322    188
     1    19    854   1322    188
     1    19    851   1323    188
     1    19    845   1325    188
     1    19    841   1327    188
     1    19    838   1329    188
     1    19    834   1333    188
     1    19    831   1336    188
     1    19    827   1339    188
     1    19    824   1343    188
     1    19    821   1346    188
     1    19    818   1351    188
     1    19    817   1354    188
     1    19    816   1357    188
     1    19    815   1363    188
     1    19    814   1365    188
     1    19    813   1370    188
     1    19    812   1375    188
     1    19    811   1380    188
     1    19    810   1384    188
     1    19    809   1392    188
     1    19    810   1398    188
     1    19    811   1402    188
     1    19    812   1405    188
     1    19    814   1408    188
     1    19    816   1411    188
     1    20    854   1438    192
     1    20    856   1438    192
     1    20    859   1438    192
     1    20    863   1440    192
     1    20    867   1441    192
     1    20    874   1441    192
     1    20    880   1442    192
     1    20    885   1442    192
     1    20    892   1440    192
     1    20    898   1438    192
     1    20    903   1435    192
     1    20    906   1434    192
     1    20    911   1430    192
     1    20    915   1427    192
     1    20    919   1424    192
     1    20    923   1419    192
     1    20    930   1414    192
     1    20    932   1411    192
     1    20    935   1407    192
     1    20    937   1403    192
     1    20    940   1397    192
     1    20    942   1391    192
     1    20    943   1388    192
     1    20    944   1383    192
     1    20    944   1378    192
     1    20    944   1374    192
     1    20    944   1369    192
     1    20    944   1364    192
     1    20    944   1356    192
     1    20    944   1354    192
     1    20    943   1351    192
     1    20    943   1348    192
     1    20    941   1345    192
     1    20    937   1338    192
     1    20    933   1334    192
     1    20    929   1330    192
     1    20    927   1328    192
     1    20    925   1326    192
     1    20    918   1323    192
     1    20    914   1322    192
     1    20    908   1320    192
     1    20    904   1320    192
     1    20    899   1319    192
     1    20    896   1318    192
     1    20    890   1318    192
     1    20    885   1318    192
     1    20    880   1317    192
     1    20    875   1317    192
     1    20    871   1317    192
     1    20    866   1317    192
     1    20    862   1317    192
     1    20    857   1317    192
     1    20    852   1317    192
     1    20    844   1318    192
     1    20    837   1319    192
     1    20    832   1320    192
     1    20    827   1323    192
     1    20    825   1324    192
     1    20    820   1327    192
     1    20    816   1331    192
     1    20    810   1336    192
     1    20    808   1338    192
     1    20    806   1343    192
     1    20    803   1347    192
     1    20    802   1352    192
     1    20    801   1354    192
     1    20    800   1360    192
     1    20    800   1364    192
     1    20    799   1370    192
     1    20    799   1375    192
     1    20    800   1379    192
     1    20    800   1384    192
     1    20    801   1389    192
     1    20    803   1393    192
     1    20    804   1398    192
     1    20    806   1402    192
     1    20    810   1409    192
     1    20    813   1414    192
     1    20    816   1417    192
     1    20    819   1421    192
     1    20    822   1424    192
     1    20    826   1427    192
     1    20    829   1431    192
     1    20    833   1433    192
     1    20    838   1435    192
     1    20    840   1436    192
     1    20    845   1436    192
     1    20    850   1437    192
     1    21    832   1432    196
     1    21    837   1435    196
     1    21    842   1438    196
     1    21    847   1440    196
     1    21    851   1442    196
     1    21    855   1443    196
     1    21    858   1444    196
     1    21    863   1444    196
     1    21    868   1444    196
     1    21    872   1444    196
     1    21    878   1444    196
     1    21    883   1444    196
     1    21    891   1444    196
     1    21    894   1444    196
     1    21    899   1442    196
     1    21    902   1441    196
     1    21    910   1438    196
     1    21    915   1435    196
     1    21    917   1434    196
     1    21    919   1432    196
     1    21    923   1429    196
     1    21    927   1426    196
     1    21    933   1421    196
     1    21    935   1419    196
     1    21    939   1414    196
     1    21    942   1410    196
     1    21    944   1406    196
     1    21    946   1401    196
     1    21    948   1396    196
     1    21    950   1392    196
     1    21    951   1387    196
     1    21    952   1383    196
     1    21    952   1378    196
     1    21    953   1373    196
     1    21    953   1367    196
     1    21    952   1362    196
     1    21    950   1358    196
     1    21    949   1354    196
     1    21    947   1350    196
     1    21    945   1346    196
     1    21    944   1342    196
     1    21    942   1338    196
     1    21    939   1333    196
     1    21    938   1331    196
     1    21    934   1327    196
     1    21    931   1324    196
     1    21    928   1321    196
     1    21    924   1318    196
     1    21    920   1315    196
     1    21    913   1312    196
     1    21    908   1310    196
     1    21    902   1309    196
     1    21    898   1307    196
     1    21    891   1305    196
     1    21    888   1304    196
     1    21    886   1303    196
     1    21    883   1303    196
     1    21    878   1302    196
     1    21    870   1302    196
     1    21    867   1302    196
     1    21    861   1303    196
     1    21    854   1306    196
     1    21    849   1308    196
     1    21    843   1310    196
     1    21    837   1312    196
     1    21    833   1315    196
     1    21    827   1319    196
     1    21    824   1321    196
     1    21    821   1324    196
     1    21    817   1328    196
     1    21    815   1330    196
     1    21    811   1334    196
     1    21    806   1341    196
     1    21    803   1349    196
     1    21    802   1355    196
     1    21    801   1358    196
     1    21    801   1364    196
     1    21    800   1367    196
     1    21    800   1371    196
     1    21    800   1376    196
     1    21    800   1381    196
     1    21    800   1385    196
     1    21    801   1391    196
     1    21    803   1397    196
     1    21    804   1402    196
     1    21    806   1406    196
     1    21    809   1414    196
     1    21    810   1416    196
     1    21    814   1420    196
     1    21    816   1422    196
     1    21    822   1426    196
     1    21    826   1429    196
     1    21    830   1431    196
     1    22    872   1446    200
     1    22    878   1445    200
     1    22    884   1445    200
     1    22    887   1445    200
     1    22    895   1444    200
     1    22    899   1444    200
     1    22    902   1443    200
     1    22    906   1442    200
     1    22    910   1440    200
     1    22    914   1437    200
     1    22    917   1435    200
     1    22    922   1431    200
     1    22    926   1427    200
     1    22    930   1422    200
     1    22    931   1420    200
     1    22    933   1417    200
     1    22    935   1412    200
     1    22    937   1407    200
     1    22    939   1401    200
     1    22    940   1394    200
     1    22    941   1389    200
     1    22    941   1386    200
     1    22    941   1381    200
     1    22    941   1376    200
     1    22    941   1371    200
     1    22    940   1366    200
     1    22    939   1362    200
     1    22    939   1357    200
     1    22    938   1354    200
     1    22    936   1348    200
     1    22    935   1344    200
     1    22    932   1340    200
     1    22    929   1336    200
     1    22    924   1331    200
     1    22    921   1328    200
     1    22    918   1327    200
     1    22    914   1325    200
     1    22    909   1323    200
     1    22    904   1321    200
     1    22    899   1320    200
     1    22    895   1318    200
     1    22    891   1316    200
     1    22    887   1315    200
     1    22    881   1314    200
     1    22    878   1314    200
     1    22    873   1313    200
     1    22    868   1312    200
     1    22    860   1312    200
     1    22    852   1312    200
     1    22    849   1313    200
     1    22    846   1314    200
     1    22    844   1315    200
     1    22    841   1317    200
     1    22    834   1322    200
     1    22    832   1323    200
     1    22    827   1327    200
     1    22    822   1331    200
     1    22    819   1333    200
     1    22    815   1336    200
     1    22    812   1341    200
     1    22    810   1345    200
     1    22    808   1349    200
     1    22    806   1355    200
     1    22    804   1360    200
     1    22    803   1365    200
     1    22    802   1370    200
     1    22    802   1377    200
     1    22    802   1382    200
     1    22    802   1384    200
     1    22    803   1390    200
     1    22    804   1395    200
     1    22    805   1400    200
     1    22    807   1405    200
     1    22    808   1411    200
     1    22    811   1418    200
     1    22    814   1422    200
     1    22    817   1426    200
     1    22    821   1430    200
     1    22    824   1434    200
     1    22    827   1437    200
     1    22    829   1439    200
     1    22    831   1440    200
     1    22    834   1442    200
     1    22    836   1443    200
     1    22    841   1444    200
     1    22    846   1444    200
     1    22    851   1444    200
     1    22    859   1447    200
     1    22    862   1447    200
     1    22    865   1447    200
