     2    524   1583    109
     2    518   1624    108
     2    508   1675    104
     2    501   1720    102
     2    496   1747    100
     5    861   1510    179
     6    700   1434    148
     6    677   1503    165
     6    663   1542    175
     6    650   1581    184
     6    635   1624    199
     7    602   1421    127
     7    608   1495    158
     7    610   1511    172
     7    613   1549    187
     7    617   1578    202
     7    620   1593    207
     8    623   1725    136
     8    599   1694    135
     8    559   1649    132
     8    550   1637    126
     8    531   1612    123
    38    859   1789    129
    38    869   1755    152
    38    876   1733    167
    38    879   1715    179
    38    884   1698    190
