     1   1728    932    166
     1   1726    895    164
     1   1727    802    166
     1   1727    760    163
     1   1720    705    159
     1   1702    593    152
     1   1697    523    145
     1   1692    480    143
     1   1682    413    140
     2   1707    526    145
     2   1745    515    144
     2   1785    499    142
     3   1233    466    238
     3   1273    514    225
     3   1328    576    218
     3   1346    596    212
     3   1368    617    206
     3   1425    685    182
     3   1445    708    169
     3   1464    735    161
     3   1487    773    152
     3   1509    813    143
     3   1527    847    135
     3   1547    882    126
     3   1567    925    119
     3   1576    951    114
     3   1582    975    109
     3   1584    987    107
     4   1453    741    162
     4   1422    789    158
     4   1407    813    157
     4   1399    830    155
     4   1388    854    154
     5   1456    714    239
     5   1472    733    240
     5   1493    765    242
     5   1511    783    243
     5   1530    808    245
     5   1542    826    246
     5   1561    844    247
     5   1588    871    249
     6   1494    783    244
     6   1460    831    252
     6   1449    852    256
     6   1435    868    257
     6   1431    885    259
     6   1420    911    260
     6   1414    936    263
     6   1414    935    263
     6   1409    953    265
     6   1405    972    268
     6   1400    993    271
     6   1400   1004    272
     6   1401   1016    269
     6   1406   1035    271
     6   1407   1044    268
     7   1569    866    249
     7   1562    876    251
     7   1553    897    254
     7   1553    896    254
     7   1544    911    256
     7   1540    923    258
     7   1539    922    258
     7   1541    931    259
     8   1564    944    299
     8   1553    920    294
     8   1547    907    291
     8   1534    883    289
     8   1522    857    279
     8   1500    830    276
     8   1484    806    270
     8   1473    784    265
     8   1467    773    263
     9   1526    854    279
     9   1556    827    275
    10   1460    754    344
    10   1482    763    340
    10   1509    772    334
    10   1541    786    328
    10   1568    803    324
    10   1589    814    320
    10   1617    830    319
    10   1648    852    315
    11   1504    780    336
    11   1523    822    336
    11   1531    847    337
    12   1430    964    298
    12   1424    932    299
    12   1421    907    300
    12   1415    838    296
    12   1412    794    301
    12   1409    765    302
    12   1408    722    303
    12   1405    713    303
    12   1396    690    304
    13   1425    858    296
    13   1443    835    296
    14   1403    793    302
    14   1388    784    303
    14   1372    771    304
    14   1356    758    305
    15   1383    762    182
    15   1415    795    188
    15   1458    833    193
    15   1494    868    199
    15   1514    889    202
    15   1536    909    209
    16   1489    871    201
    16   1463    920    228
    16   1430    976    263
    16   1421    993    273
    17   1622    567    284
    17   1671    640    274
    18   1646    619    279
    18   1625    656    275
    18   1607    686    272
    19   1404    734    246
    19   1419    753    250
    19   1430    768    253
    19   1439    793    257
    19   1448    809    260
    19   1460    833    264
    19   1464    844    266
    19   1469    855    268
    19   1475    868    270
    19   1487    885    274
    20   1460    853    267
    20   1447    871    267
    21   1732    634    198
    21   1731    651    196
    21   1735    676    192
    21   1737    690    191
    21   1747    726    186
    22   1728    654    196
    22   1710    668    195
    22   1694    682    195
    23   1484    918    234
    23   1459    857    228
    23   1425    786    227
    23   1414    777    225
    23   1380    742    227
    24   1444    802    231
    24   1468    769    240
    25   1479    640    215
    25   1413    756    178
    26   1454    695    198
    26   1469    716    194
    27   1432    740    184
    27   1457    769    182
    27   1499    831    185
    27   1531    877    189
    28   1816    749    105
    28   1785    736    109
    28   1762    724    112
    28   1737    712    116
    28   1724    704    117
    28   1713    698    119
    28   1695    692    121
    28   1672    685    125
    28   1660    682    127
    29   1778    739    111
    29   1765    751    114
    29   1750    767    118
    29   1740    777    121
    30   1803    646    181
    30   1843    751    136
    31   1842    710    155
    31   1872    691    163
    32   1440    769    333
    32   1444    789    333
    32   1450    818    333
    32   1455    840    333
    32   1462    859    333
    32   1469    883    333
    32   1475    904    333
    32   1479    920    333
    32   1487    942    323
    32   1489    962    323
    33   1460    902    332
    33   1445    927    332
    33   1426    953    332
    33   1411    973    332
    33   1397    996    332
    34   1404   1194    178
    34   1379   1169    179
    34   1360   1148    179
    34   1333   1118    180
    36   1362   1163    184
    36   1342   1176    184
    43   1584   1120    282
    43   1591   1193    253
    45   1281    795    278
    45   1256    787    275
    45   1229    778    276
    45   1211    769    268
    46   1198    729    250
    46   1204    709    243
    46   1212    682    235
    46   1216    670    232
    63   1255    955    287
    63   1209    985    300
    64   1222    987    305
    64   1238   1015    324
    64   1250   1039    341
