     1     1   1610    815     82
     1     1   1613    812     97
     1     1   1622    808    102
     1     1   1638    803    110
     1     1   1656    795    125
     1     1   1664    791    138
     1     1   1667    787    157
     1     1   1661    784    179
     1     1   1654    784    192
     1     1   1641    785    207
     1     1   1633    786    215
     1     1   1627    786    221
     1     1   1615    789    223
     1     1   1603    792    221
     1     1   1590    797    216
     1     1   1581    801    207
     1     1   1574    804    201
     1     1   1567    808    191
     1     1   1555    813    176
     1     1   1552    816    166
     1     1   1552    818    155
     1     1   1554    820    143
     1     1   1561    820    129
     1     1   1571    820    116
     1     1   1583    819    103
     1     1   1587    820     92
     1     1   1584    822     84
     1     1   1584    824     73
     1     2   1608    818     80
     1     2   1609    816     90
     1     2   1613    814     99
     1     2   1627    808    108
     1     2   1641    803    118
     1     2   1654    798    125
     1     2   1660    795    132
     1     2   1661    795    134
     1     2   1663    793    140
     1     2   1664    791    146
     1     2   1664    790    153
     1     2   1665    789    159
     1     2   1665    788    164
     1     2   1665    787    168
     1     2   1664    786    176
     1     2   1664    785    182
     1     2   1663    784    187
     1     2   1661    784    191
     1     2   1658    784    195
     1     2   1656    784    198
     1     2   1652    785    203
     1     2   1648    785    206
     1     2   1645    785    209
     1     2   1641    786    212
     1     2   1636    787    216
     1     2   1632    787    218
     1     2   1629    788    220
     1     2   1625    789    222
     1     2   1617    790    225
     1     2   1613    791    225
     1     2   1609    792    225
     1     2   1605    794    224
     1     2   1600    795    221
     1     2   1596    797    217
     1     2   1591    799    214
     1     2   1587    801    211
     1     2   1583    802    208
     1     2   1579    804    204
     1     2   1574    806    200
     1     2   1569    808    195
     1     2   1566    810    190
     1     2   1564    811    187
     1     2   1561    813    182
     1     2   1559    814    178
     1     2   1558    815    174
     1     2   1556    816    169
     1     2   1555    818    164
     1     2   1555    818    159
     1     2   1555    819    155
     1     2   1556    820    151
     1     2   1558    820    145
     1     2   1559    821    137
     1     2   1561    822    133
     1     2   1564    821    129
     1     2   1567    821    125
     1     2   1571    821    120
     1     2   1573    821    115
     1     2   1577    821    110
     1     2   1582    821    104
     1     2   1584    821     98
     1     2   1585    823     90
     1     2   1584    824     84
     1     2   1584    824     84
     1     2   1583    826     76
     1     2   1582    826     73
     1     3   1609    819     86
     1     3   1610    818     89
     1     3   1614    816     94
     1     3   1615    816     96
     1     3   1616    815     98
     1     3   1619    814    102
     1     3   1627    810    108
     1     3   1636    807    112
     1     3   1643    805    117
     1     3   1647    802    121
     1     3   1650    801    124
     1     3   1655    799    127
     1     3   1658    798    132
     1     3   1661    796    136
     1     3   1662    795    141
     1     3   1662    794    146
     1     3   1663    793    151
     1     3   1662    792    157
     1     3   1662    791    164
     1     3   1661    790    169
     1     3   1660    789    176
     1     3   1660    788    183
     1     3   1659    787    191
     1     3   1658    787    194
     1     3   1654    787    200
     1     3   1649    787    206
     1     3   1645    788    210
     1     3   1640    788    212
     1     3   1636    789    215
     1     3   1633    789    217
     1     3   1630    790    218
     1     3   1621    792    221
     1     3   1614    794    221
     1     3   1608    796    220
     1     3   1603    797    219
     1     3   1598    799    217
     1     3   1593    801    214
     1     3   1588    803    211
     1     3   1581    805    205
     1     3   1577    807    200
     1     3   1574    809    196
     1     3   1572    810    191
     1     3   1570    812    187
     1     3   1568    813    182
     1     3   1566    814    177
     1     3   1564    816    172
     1     3   1563    817    167
     1     3   1561    818    163
     1     3   1559    820    155
     1     3   1559    821    149
     1     3   1559    822    143
     1     3   1560    823    139
     1     3   1563    823    136
     1     3   1566    823    130
     1     3   1569    823    126
     1     3   1572    823    120
     1     3   1573    823    116
     1     3   1574    824    113
     1     3   1575    824    110
     1     3   1575    824    108
     1     3   1575    825    106
     1     4   1621    815    103
     1     4   1625    813    106
     1     4   1632    811    109
     1     4   1641    808    113
     1     4   1645    806    117
     1     4   1650    804    122
     1     4   1654    802    125
     1     4   1657    800    131
     1     4   1659    799    136
     1     4   1662    797    142
     1     4   1663    796    148
     1     4   1665    794    156
     1     4   1665    792    163
     1     4   1665    793    163
     1     4   1665    792    168
     1     4   1664    791    172
     1     4   1663    790    178
     1     4   1661    790    184
     1     4   1660    789    188
     1     4   1659    789    191
     1     4   1657    789    194
     1     4   1653    789    199
     1     4   1649    790    203
     1     4   1645    790    205
     1     4   1641    791    207
     1     4   1638    792    208
     1     4   1635    792    210
     1     4   1632    793    211
     1     4   1629    794    211
     1     4   1625    795    211
     1     4   1618    797    211
     1     4   1611    799    210
     1     4   1605    800    209
     1     4   1601    802    208
     1     4   1595    803    207
     1     4   1591    805    205
     1     4   1588    806    201
     1     4   1586    808    197
     1     4   1582    810    192
     1     4   1578    812    186
     1     4   1575    813    182
     1     4   1573    815    177
     1     4   1571    816    174
     1     4   1570    817    170
     1     4   1567    818    165
     1     4   1566    819    163
     1     4   1565    820    159
     1     4   1564    821    154
     1     4   1563    822    149
     1     4   1562    824    143
     1     4   1563    824    139
     1     4   1564    825    134
     1     4   1567    825    129
     1     4   1570    825    125
     1     4   1571    825    121
     1     4   1573    825    119
     1     4   1574    825    117
     1     4   1576    825    116
     1     4   1577    825    116
     1     4   1579    824    114
     1     4   1583    824    112
     1     4   1587    823    110
     1     4   1591    822    108
     1     5   1629    813    112
     1     5   1631    812    114
     1     5   1635    811    116
     1     5   1639    809    119
     1     5   1642    808    122
     1     5   1645    807    125
     1     5   1650    805    128
     1     5   1653    803    132
     1     5   1657    801    137
     1     5   1661    799    143
     1     5   1663    797    151
     1     5   1664    795    160
     1     5   1663    794    170
     1     5   1663    793    176
     1     5   1662    792    182
     1     5   1660    791    188
     1     5   1656    791    195
     1     5   1652    792    199
     1     5   1645    793    203
     1     5   1640    794    206
     1     5   1638    794    208
     1     5   1628    796    211
     1     5   1622    798    211
     1     5   1619    799    210
     1     5   1611    801    210
     1     5   1602    803    210
     1     5   1592    806    207
     1     5   1588    808    204
     1     5   1584    810    200
     1     5   1579    812    197
     1     5   1574    814    191
     1     5   1570    816    184
     1     5   1568    818    176
     1     5   1567    820    167
     1     5   1566    822    159
     1     5   1565    823    151
     1     5   1565    825    145
     1     5   1566    825    140
     1     5   1567    826    135
     1     5   1569    827    129
     1     5   1570    826    127
     1     5   1572    826    124
     1     5   1574    826    123
     1     5   1577    826    120
     1     5   1581    825    118
     1     5   1584    825    116
     1     5   1587    824    114
     1     5   1592    823    113
     1     5   1598    822    111
     1     5   1604    820    111
     1     5   1611    819    110
     1     5   1615    817    110
     1     5   1619    816    110
     1     5   1621    816    110
     1     5   1624    815    110
     1     6   1607    809     98
     1     6   1608    809    100
     1     6   1614    806    103
     1     6   1623    803    108
     1     6   1630    800    114
     1     6   1634    798    120
     1     6   1639    796    125
     1     6   1643    794    131
     1     6   1647    792    136
     1     6   1650    790    139
     1     6   1654    789    143
     1     6   1658    787    148
     1     6   1661    785    154
     1     6   1661    784    159
     1     6   1662    783    164
     1     6   1663    782    169
     1     6   1663    781    174
     1     6   1661    780    181
     1     6   1659    779    188
     1     6   1656    779    194
     1     6   1653    779    199
     1     6   1649    779    204
     1     6   1643    780    210
     1     6   1638    780    213
     1     6   1632    782    216
     1     6   1627    783    218
     1     6   1622    784    219
     1     6   1615    785    220
     1     6   1608    788    216
     1     6   1599    791    213
     1     6   1592    794    207
     1     6   1587    796    201
     1     6   1583    799    195
     1     6   1578    801    188
     1     6   1574    804    181
     1     6   1571    805    175
     1     6   1568    807    169
     1     6   1567    809    162
     1     6   1566    810    158
     1     6   1566    810    154
     1     6   1566    811    150
     1     6   1566    812    144
     1     6   1568    813    139
     1     6   1569    813    134
     1     6   1570    814    128
     1     6   1574    814    122
     1     6   1582    813    118
     1     6   1586    812    114
     1     6   1589    812    110
     1     6   1592    812    107
     1     6   1597    811    105
     1     6   1599    810    103
     1     6   1602    810    101
     1     6   1604    810    100
