     1   1760   1041    175
     1   1757   1015    175
     1   1754    987    174
     1   1753    974    173
     1   1755    950    173
     1   1754    937    173
     1   1753    897    170
     1   1756    871    170
     1   1755    843    169
     1   1754    814    169
     1   1751    778    168
     1   1749    734    177
     1   1772    652    178
     1   1795    624    176
     1   1817    600    178
     2   1564    834     94
     2   1546    853    101
     2   1531    870    107
     2   1520    889    113
     2   1504    912    121
     2   1463    974    135
     2   1446   1022    152
     2   1436   1051    170
     2   1428   1093    195
     4   1548    898    184
     4   1560    911    185
     4   1577    932    186
     4   1591    952    187
     4   1610    978    188
     4   1623    999    189
     4   1653   1046    197
     4   1672   1072    198
     6   1514    503     64
     6   1522    530     70
     6   1529    556     76
     6   1535    582     82
     6   1539    616     90
     6   1538    656     99
     8   1690    858     96
     8   1694    889    106
     8   1690    931    112
     8   1689    979    117
     8   1689   1019    124
     8   1689   1064    130
     8   1684   1127    140
     9   1594   1011    120
     9   1601    984    114
     9   1609    971    110
     9   1617    959    107
     9   1633    945    104
     9   1653    933    100
     9   1676    917     96
     9   1705    896     89
     9   1725    878     84
     9   1739    863     80
     9   1751    850     77
     9   1761    838     74
    10   1587    733     69
    10   1620    710     81
    10   1655    680     94
    10   1686    652    112
    10   1710    632    122
    12   1531    550    248
    12   1542    591    240
    12   1550    607    237
    12   1559    651    229
    12   1566    687    222
    12   1572    739    213
    16   1566   1150     78
    16   1557   1108     82
    16   1549   1066     86
    16   1541   1030     89
    16   1536   1004     91
    16   1531    971     94
    16   1529    947     96
    16   1528    924     97
    17   1545   1126     95
    17   1559   1109     93
    17   1577   1085     91
    17   1602   1058     89
    17   1632   1026     86
    17   1666    995     78
    17   1683    975     76
    17   1719    953     71
    19   1555    990    234
    19   1549    969    233
    19   1532    895    222
    19   1519    833    223
    19   1510    807    223
    19   1498    788    218
    22   1544    917    212
    22   1558    931    213
    22   1577    956    213
    22   1592    974    214
    22   1603    989    214
    22   1614   1004    215
    22   1627   1020    215
    22   1642   1041    216
    22   1653   1063    214
    23   1527   1023    112
    23   1518    995    111
    23   1508    967    109
    23   1500    937    108
    23   1491    916    106
    23   1484    897    105
    23   1476    874    104
    23   1467    853    102
    23   1467    840    103
    27   1467    785    282
    27   1467    804    281
    27   1469    831    281
    27   1474    867    281
    27   1473    883    280
    27   1477    905    280
    27   1483    929    280
    27   1488    949    280
    27   1495    970    280
    27   1502    991    281
    27   1506    997    281
    28   1417    877    281
    28   1402    903    277
    28   1394    922    275
    28   1388    943    272
    28   1374    978    268
    28   1368    999    266
    28   1365   1017    264
    28   1357   1053    260
    28   1347   1085    256
    28   1340   1124    252
    28   1333   1151    246
    28   1328   1175    243
    32   1848    573    116
    32   1835    611    120
    32   1823    647    123
    32   1823    657    123
    32   1816    673    125
    32   1808    706    132
    32   1801    735    134
    38   1760    616    110
    38   1743    607    109
    38   1726    596    108
    38   1700    580    107
    38   1680    568    106
    38   1655    554    108
    38   1632    544    106
    38   1614    532    100
    38   1592    521    105
    38   1566    504    104
    38   1513    472    100
    39   1904    511    157
    39   1870    535    148
    39   1839    560    135
    39   1794    604    110
    39   1770    630    101
    39   1762    641     96
    43   1647    383    111
    43   1629    397    111
    43   1605    428    114
    43   1580    461    117
    43   1565    480    118
    43   1544    507    120
    43   1535    523    122
    43   1510    554    124
    44   1667    542    345
    44   1657    559    335
    44   1638    583    320
    44   1624    604    307
    44   1602    639    287
    44   1589    657    276
    44   1570    678    261
    44   1555    693    250
    44   1535    709    237
    44   1522    720    228
    46   1487    845    132
    46   1467    835    136
    46   1439    818    140
    46   1408    802    144
    46   1398    796    146
    46   1346    771    162
    46   1311    749    166
    46   1298    737    167
    46   1282    723    168
    46   1260    701    169
    46   1244    690    166
    46   1227    673    166
    46   1212    656    165
    47   1880    537     95
    47   1870    561    100
    47   1848    623    102
    47   1833    681    108
    47   1824    720    118
    47   1815    749    124
    47   1807    778    129
    47   1795    824    140
    47   1780    867    149
    47   1773    896    151
    47   1768    911    154
    47   1761    932    158
    51   1591   1061    102
    51   1607   1045    103
    51   1624   1027    105
    51   1657    995    101
    51   1717    923    106
    51   1739    893    109
    51   1753    872    112
    51   1783    839    112
    51   1797    822    114
    55   1435    692    100
    55   1422    649    102
    55   1412    603    103
    55   1404    562    108
    55   1397    532    109
    55   1394    507    109
    55   1388    482    110
    55   1386    461    111
    55   1381    417    114
    57   1395    519    169
    57   1385    553    160
    57   1377    576    154
    57   1365    608    145
    57   1352    645    135
    57   1345    666    129
    57   1339    681    125
    57   1330    696    121
    57   1320    709    117
    60   1769    879    103
    60   1736    925    101
    60   1710    961    100
    60   1693    989     99
    60   1668   1046     97
    60   1655   1074     96
    62   1650    444    359
    62   1656    470    353
    62   1661    507    343
    62   1666    545    332
    62   1672    572    325
    62   1675    602    317
    64   1620   1008    350
    64   1592    971    337
    64   1581    952    331
    64   1563    925    329
    64   1544    880    315
    64   1532    852    307
    64   1520    815    296
    64   1514    789    288
    64   1506    760    279
    65   1534    486    307
    65   1479    515    290
    65   1406    542    269
    65   1338    570    249
    71   1438    919    316
    71   1421    867    320
    71   1414    841    325
    71   1411    820    326
    71   1403    788    324
    71   1401    743    331
    73   1285   1019    269
    73   1322    989    255
    73   1335    978    249
    73   1406    927    223
    73   1423    915    216
    73   1458    896    205
    73   1477    886    196
    74   1366   1116    245
    74   1414   1082    238
    74   1443   1061    235
    74   1508   1020    227
    74   1526   1009    233
    77   1817    948    101
    77   1824    907    102
    77   1830    878    102
    77   1835    849    103
    77   1834    824    103
    77   1837    793    104
    77   1840    760    104
    77   1842    741    105
    77   1844    729    105
    82   1548   1194    157
    82   1552   1148    164
    88   1248    785    149
    88   1244    818    158
    88   1236    835    165
    88   1232    847    169
    88   1231    853    170
    88   1223    883    180
    88   1211    917    192
   171   1435   1034    132
   171   1369    971    149
   171   1293    890    171
   171   1254    858    180
   178   1201    549    143
   178   1216    626    128
   178   1226    699    115
   178   1240    733    107
   178   1262    772     96
   178   1294    825     96
   178   1328    881     95
   178   1350    914     95
   178   1366    932     95
   178   1384    953     95
   178   1398    977     95
   178   1406    992     95
   178   1412   1008     94
   188   1208    999    241
   188   1198   1035    246
   190   1235    906    227
   190   1284   1007    245
   190   1305   1050    247
   190   1323   1114    258
   190   1336   1182    269
   201   1890   1020    121
   201   1704   1105    119
   264   1753    673    138
   264   1818    600    189
   264   1890    513    247
   269   1338    763    238
   269   1371    848     89
   271   1344   1099    330
   271   1376   1188    330
   272   1634   1197    296
   272   1641   1108    302
   293   1577   1121    264
   293   1585   1053    267
   312   1292    935    141
   312   1227    986    118
   315   1629   1174    111
   315   1671   1150    118
   315   1722   1133    127
   315   1746   1115    132
   315   1768   1098    136
   315   1785   1092    139
   333   1217   1161    192
   333   1210   1028    169
   333   1210    954    155
   333   1206    898    145
   333   1203    823    131
   343   1807    918    270
   343   1765    790    244
   344   1492    948    293
   344   1461   1026    309
   344   1435   1110    325
   344   1426   1156    333
   345   1559    938    278
   345   1504   1145    317
   348   1603   1181     90
   348   1613   1143     79
   348   1631   1101     67
   349   1755   1144    104
   349   1758   1090     90
   349   1775   1044     85
   349   1770    965     97
   355   1396   1162    117
   355   1338   1041    138
   360   1294   1125    210
   360   1325   1180    209
   363   1452   1164    273
   363   1403   1182    255
   371   1456    970    310
   371   1439   1034    296
   371   1425   1084    286
   371   1422   1153    275
   372   1367    965    297
   372   1330   1095    270
   372   1304   1173    253
   374   1690    607    340
   374   1645    636    323
   374   1614    654    312
   374   1578    678    298
   374   1549    691    288
   374   1480    719    263
   377   1362    822     87
   377   1396    871    100
   377   1414    903    108
   377   1432    938    116
   377   1456    980    126
   377   1478   1014    134
   377   1509   1052    153
   377   1532   1082    160
   377   1545   1097    165
   377   1564   1109    169
   378   1480    902    134
   378   1449    912    125
   378   1421    915    116
   378   1404    924    112
   378   1373    939    105
   378   1340    953     97
   378   1313    964     91
   378   1292    970     85
   378   1250    981     73
   380   1390    918    298
   380   1451    958    281
   380   1474    974    275
   380   1495    996    268
   380   1514   1017    263
   380   1538   1044    255
   380   1566   1074    247
   380   1579   1102    242
   381   1376    843    200
   381   1360    823    206
   381   1344    807    212
   381   1310    775    224
   381   1290    761    231
   381   1254    732    244
   381   1218    707    257
   382   1543    866    165
   382   1496    878    183
   382   1456    900    198
   382   1405    925    217
   382   1353    963    235
   382   1355    962    235
   382   1327    982    252
   382   1290   1007    266
   404   1584    380    115
   404   1575    408    107
   404   1571    418    104
   404   1557    433     91
   404   1530    448     80
   413   1253   1070     96
   413   1256   1038    110
   413   1268   1008    122
   413   1277    972    137
   413   1277    972    137
   413   1280    944    148
   413   1287    923    157
   414   1281   1189     83
   414   1267   1143     99
   414   1268   1097    115
   414   1269   1042    134
   414   1267   1001    149
   414   1261    962    162
   420   1218    729     63
   420   1237    790     81
   420   1260    839     96
   420   1260    838     96
   420   1280    881    109
   420   1303    926    123
   420   1327    970    138
   420   1346    997    147
   420   1381   1066    159
   420   1407   1115    169
   420   1420   1138    174
   421   1421    853    149
   421   1454    927    172
   421   1475    974    186
   421   1490   1002    195
   421   1507   1033    205
   433   1433    815    211
   433   1401    836    221
   433   1335    866    240
   433   1299    881    249
   433   1207    922    277
   434   1251   1150    161
   434   1271   1184    169
   440   1275   1172    134
   440   1255   1122    125
   440   1234   1078    117
   440   1224   1042    105
   440   1218   1003     95
   442   1303    995    194
   442   1311   1075    147
   442   1319   1122    119
   442   1326   1177     86
   443   1396   1072    144
   443   1364   1016    187
   443   1332    973    222
   447   1246    657    250
   447   1311    651    235
   460   1387   1035    201
   460   1376   1074    207
   460   1369   1122    214
   460   1364   1186    224
   463   1233    933    283
   463   1269    957    277
   463   1293    974    273
   463   1301    989    268
   489   1405    853    262
   489   1366    824    243
   489   1341    800    229
   489   1326    778    221
   489   1307    745    210
   489   1265    661    183
   494   1336    841    120
   494   1278    778    164
   494   1222    727    204
   501   1255   1195    115
   501   1251   1142    112
   501   1252   1102    109
   501   1255   1062    107
   501   1267   1032    104
   508   1295   1023    197
   508   1333   1001    186
   508   1353    987    180
   508   1363    975    176
   508   1376    958    171
   508   1398    924    162
   511   1204    817    100
   511   1225    839    118
   511   1251    865    140
   511   1272    888    158
   511   1302    915    183
