     1    789    292     58
     1    762    309     53
     1    721    327     43
     2    833    302     60
     2    780    276     57
     2    729    248     51
     3    914    317     37
     3    877    318     42
     3    850    323     44
     3    834    325     52
     4    870    307     45
     4    859    280     43
     4    847    258     44
     4    837    235     44
     5   1203    386     76
     5   1220    378     74
     5   1243    369     63
     5   1266    364     61
     5   1288    359     60
     6   1251    378     61
     6   1261    381     61
     6   1275    384     61
     6   1316    395     58
     6   1342    403     58
     7   1231    200     53
     7   1212    187     54
     7   1191    173     55
     7   1160    157     53
     8   1250    203     55
     8   1236    211     55
     8   1220    219     56
    17    772    252     58
    17    809    240     63
    17    838    227     67
    17    889    211     62
    17    914    205     68
    17    947    199     76
    17    968    193     81
    18    900    202     58
    18    934    167     41
    19    849    327     81
    19    832    320     71
    19    820    311     61
    19    812    306     54
    19    798    294     41
    19    789    290     35
    19    780    287     30
    20    800    310     52
    20    784    317     51
    20    762    326     49
