     1     1    991    347    174
     1     1    991    350    178
     1     1    991    347    175
     1     1    991    346    172
     1     1    991    344    170
     1     1    991    342    168
     1     1    992    340    165
     1     1    991    339    163
     1     1    990    337    160
     1     1    989    335    157
     1     1    986    335    155
     1     1    984    333    153
     1     1    981    332    151
     1     1    978    331    148
     1     1    976    329    145
     1     1    973    329    143
     1     1    971    327    140
     1     1    968    326    138
     1     1    965    324    135
     1     1    962    324    133
     1     1    960    322    130
     1     1    957    321    128
     1     1    957    320    126
     1     1    955    318    123
     1     1    953    317    120
     1     1    951    315    117
     1     1    949    314    115
     1     1    949    313    114
     1     1    947    311    111
     1     1    946    310    109
     1     1    946    309    107
     1     1    946    307    105
     1     1    946    306    103
     1     1    946    304    101
     1     1    947    303     99
     1     1    948    301     97
     1     1    948    300     95
     1     1    949    298     93
     1     1    950    296     91
     1     1    952    295     88
     1     1    953    293     87
     1     1    954    292     85
     1     1    955    290     83
     1     1    956    289     81
     1     1    959    287     79
     1     1    961    284     77
     1     1    964    282     74
     1     1    965    281     73
     1     1    967    280     72
     1     1    969    278     70
     1     1    975    275     67
     1     1    976    273     65
     1     1    978    272     64
     1     1    980    271     63
     1     1    982    270     62
     1     1    984    269     61
     1     1    986    267     60
     1     1    990    266     59
     1     1    993    266     59
     1     1    995    265     59
     1     1    998    265     59
     1     1   1001    264     59
     1     1   1003    264     60
     1     1   1006    264     60
     1     1   1008    263     60
     1     1   1011    263     61
     1     1   1014    263     61
     1     1   1018    263     62
     1     1   1020    263     63
     1     1   1023    263     64
     1     1   1026    263     64
     1     1   1030    263     65
     1     1   1033    262     66
     1     1   1035    262     66
     1     1   1038    262     67
     1     1   1041    262     68
     1     1   1044    262     68
     1     1   1047    262     69
     1     1   1050    263     71
     1     1   1052    263     72
     1     1   1055    263     73
     1     1   1059    263     74
     1     1   1061    263     75
     1     1   1064    264     77
     1     1   1067    264     78
     1     1   1070    265     80
     1     1   1072    265     81
     1     1   1075    266     83
     1     1   1078    267     85
     1     1   1080    268     87
     1     1   1082    269     89
     1     1   1083    270     91
     1     1   1085    271     93
     1     1   1087    273     96
     1     1   1088    274     98
     1     1   1089    276    101
     1     1   1089    278    103
     1     1   1089    280    106
     1     1   1089    281    108
     1     1   1089    283    110
     1     1   1088    284    112
     1     1   1087    286    114
     1     1   1086    287    116
     1     1   1086    289    118
     1     1   1085    290    120
     1     1   1084    292    122
     1     1   1083    293    124
     1     1   1082    295    127
     1     1   1081    297    129
     1     1   1079    299    131
     1     1   1078    300    133
     1     1   1076    302    134
     1     1   1074    304    136
     1     1   1071    305    137
     1     1   1069    306    138
     1     1   1067    308    140
     1     1   1065    309    141
     1     1   1063    310    142
     1     1   1061    311    143
     1     1   1058    312    144
     1     1   1056    313    144
     1     1   1053    314    145
     1     1   1051    315    146
     1     1   1048    316    146
     1     1   1044    317    147
     1     1   1042    319    148
     1     1   1038    320    149
     1     1   1035    321    150
     1     1   1033    322    151
     1     1   1030    323    152
     1     1   1029    325    153
     1     1   1027    326    155
     1     1   1024    328    157
     1     1   1023    330    159
     1     1   1022    331    161
     1     1   1021    333    164
     1     1   1021    335    166
     1     1   1021    336    168
     1     1   1021    338    170
     1     1   1021    339    172
     1     1   1020    341    174
     1     1   1020    342    176
     1     1   1021    344    178
     1     1   1021    345    180
     1     2    997    342    165
     1     2    997    340    163
     1     2    996    339    160
     1     2    995    337    158
     1     2    993    335    155
     1     2    991    334    152
     1     2    990    332    150
     1     2    987    332    148
     1     2    984    331    146
     1     2    981    329    143
     1     2    979    328    140
     1     2    976    327    138
     1     2    974    326    136
     1     2    971    324    133
     1     2    970    323    130
     1     2    968    321    127
     1     2    965    320    125
     1     2    962    319    123
     1     2    959    317    120
     1     2    956    317    118
     1     2    954    315    115
     1     2    952    314    112
     1     2    952    312    110
     1     2    952    310    107
     1     2    952    308    104
     1     2    952    306    102
     1     2    953    304     99
     1     2    953    303     97
     1     2    954    300     94
     1     2    954    298     91
     1     2    955    297     89
     1     2    957    295     87
     1     2    959    292     83
     1     2    961    289     80
     1     2    963    287     78
     1     2    965    286     76
     1     2    966    284     75
     1     2    968    283     74
     1     2    970    282     72
     1     2    973    281     71
     1     2    976    280     71
     1     2    978    279     70
     1     2    980    277     68
     1     2    982    276     67
     1     2    984    275     66
     1     2    987    274     65
     1     2    989    272     64
     1     2    991    272     64
     1     2    994    271     63
     1     2    998    270     63
     1     2   1001    270     64
     1     2   1005    269     64
     1     2   1008    269     64
     1     2   1010    269     65
     1     2   1013    269     65
     1     2   1016    268     66
     1     2   1021    268     67
     1     2   1024    268     67
     1     2   1026    268     68
     1     2   1031    268     69
     1     2   1033    268     70
     1     2   1036    268     71
     1     2   1039    269     73
     1     2   1041    269     74
     1     2   1044    269     75
     1     2   1046    269     76
     1     2   1049    269     76
     1     2   1051    270     78
     1     2   1053    270     79
     1     2   1056    271     81
     1     2   1059    271     82
     1     2   1061    272     84
     1     2   1062    273     86
     1     2   1064    274     88
     1     2   1065    275     89
     1     2   1068    276     91
     1     2   1070    277     94
     1     2   1073    278     96
     1     2   1075    279     98
     1     2   1077    280    100
     1     2   1079    281    102
     1     2   1081    282    104
     1     2   1083    283    105
     1     2   1084    284    107
     1     2   1084    285    109
     1     2   1085    287    111
     1     2   1085    288    114
     1     2   1086    290    116
     1     2   1086    292    119
     1     2   1085    294    122
     1     2   1085    295    124
     1     2   1085    297    126
     1     2   1084    298    128
     1     2   1083    300    130
     1     2   1081    301    131
     1     2   1079    302    133
     1     2   1078    304    134
     1     2   1075    305    135
     1     2   1072    306    136
     1     2   1070    307    137
     1     2   1067    308    138
     1     2   1064    310    138
     1     2   1059    311    139
     1     2   1056    312    139
     1     2   1053    313    140
     1     2   1050    314    140
     1     2   1047    314    140
     1     2   1044    316    141
     1     2   1042    316    141
     1     2   1039    317    142
     1     2   1037    318    143
     1     2   1036    320    145
     1     2   1035    322    147
     1     2   1034    323    149
     1     2   1032    324    150
     1     2   1031    326    152
     1     2   1030    328    154
     1     2   1029    329    156
     1     2   1028    331    158
     1     2   1027    332    160
     1     2   1026    334    162
     1     2   1025    335    164
     1     2   1024    337    166
     1     3    997    340    159
     1     3    991    337    153
     1     3    989    335    150
     1     3    983    332    144
     1     3    979    331    141
     1     3    975    331    139
     1     3    973    330    138
     1     3    971    330    137
     1     3    969    328    134
     1     3    967    327    132
     1     3    966    326    130
     1     3    964    325    128
     1     3    963    323    125
     1     3    961    322    122
     1     3    959    320    120
     1     3    957    319    118
     1     3    955    318    116
     1     3    954    317    113
     1     3    952    315    111
     1     3    950    314    109
     1     3    948    313    107
     1     3    946    312    105
     1     3    945    311    103
     1     3    945    309    100
     1     3    945    307     98
     1     3    945    306     96
     1     3    946    305     94
     1     3    946    303     92
     1     3    947    301     90
     1     3    948    300     88
     1     3    949    298     85
     1     3    949    296     83
     1     3    951    294     80
     1     3    955    293     80
     1     3    954    293     80
     1     3    955    292     78
     1     3    957    290     77
     1     3    959    289     76
     1     3    961    288     75
     1     3    963    287     74
     1     3    966    287     74
     1     3    969    286     73
     1     3    973    284     72
     1     3    975    283     72
     1     3    978    283     72
     1     3    980    282     71
     1     3    983    281     71
     1     3    986    280     71
     1     3    989    280     71
     1     3    992    279     71
     1     3    995    278     71
     1     3    997    278     70
     1     3   1000    277     70
     1     3   1003    276     70
     1     3   1007    276     70
     1     3   1009    275     70
     1     3   1013    274     70
     1     3   1016    274     70
     1     3   1020    273     70
     1     3   1022    273     70
     1     3   1028    272     71
     1     3   1030    272     72
     1     3   1033    273     73
     1     3   1035    273     75
     1     3   1039    273     76
     1     3   1043    273     77
     1     3   1045    274     79
     1     3   1047    275     80
     1     3   1049    275     82
     1     3   1053    276     83
     1     3   1056    276     85
     1     3   1059    277     86
     1     3   1062    277     87
     1     3   1065    277     89
     1     3   1067    278     90
     1     3   1069    279     92
     1     3   1072    279     94
     1     3   1074    280     95
     1     3   1076    280     96
     1     3   1078    281     98
     1     3   1080    282    100
     1     3   1082    283    102
     1     3   1084    284    104
     1     3   1084    286    107
     1     3   1085    287    109
     1     3   1085    289    111
     1     3   1086    290    114
     1     3   1085    292    116
     1     3   1085    294    118
     1     3   1086    295    121
     1     3   1086    297    123
     1     3   1085    298    125
     1     3   1084    300    127
     1     3   1083    301    128
     1     3   1081    302    130
     1     3   1079    304    130
     1     3   1076    305    132
     1     3   1074    306    132
     1     3   1071    306    132
     1     3   1068    307    133
     1     3   1065    308    133
     1     3   1063    309    134
     1     3   1060    310    134
     1     3   1057    311    134
     1     3   1053    312    135
     1     3   1050    313    135
     1     3   1047    313    136
     1     3   1045    315    137
     1     3   1043    315    137
     1     3   1041    317    138
     1     3   1039    318    140
     1     3   1037    320    142
     1     3   1036    322    144
     1     3   1035    324    146
     1     3   1034    325    148
     1     3   1033    327    151
     1     3   1033    329    153
     1     3   1032    330    155
     1     5    992    338    151
     1     5    992    336    149
     1     5    991    335    147
     1     5    989    334    145
     1     5    986    333    143
     1     5    984    333    141
     1     5    981    332    139
     1     5    979    331    138
     1     5    975    330    135
     1     5    973    330    134
     1     5    970    329    133
     1     5    967    329    131
     1     5    964    328    129
     1     5    962    327    127
     1     5    959    327    126
     1     5    957    326    124
     1     5    954    325    122
     1     5    952    324    120
     1     5    950    323    118
     1     5    948    321    115
     1     5    946    320    113
     1     5    945    319    111
     1     5    944    318    109
     1     5    943    316    106
     1     5    942    314    103
     1     5    942    312    101
     1     5    941    311     98
     1     5    941    309     96
     1     5    940    307     93
     1     5    941    306     91
     1     5    941    304     88
     1     5    942    302     85
     1     5    944    300     84
     1     5    945    298     81
     1     5    947    296     79
     1     5    949    295     77
     1     5    952    293     76
     1     5    954    292     75
     1     5    956    291     74
     1     5    959    290     73
     1     5    961    289     72
     1     5    965    287     71
     1     5    968    287     71
     1     5    970    286     71
     1     5    974    285     70
     1     5    976    284     70
     1     5    979    283     69
     1     5    983    282     69
     1     5    987    281     68
     1     5    991    280     68
     1     5    995    279     67
     1     5    998    278     67
     1     5   1001    277     67
     1     5   1004    276     67
     1     5   1006    276     67
     1     5   1008    276     67
     1     5   1011    275     67
     1     5   1015    274     67
     1     5   1017    274     67
     1     5   1020    274     68
     1     5   1022    274     68
     1     5   1026    273     69
     1     5   1029    273     69
     1     5   1034    273     70
     1     5   1036    273     71
     1     5   1039    273     71
     1     5   1041    273     73
     1     5   1043    274     75
     1     5   1046    275     76
     1     5   1049    275     77
     1     5   1051    275     79
     1     5   1053    276     80
     1     5   1055    276     81
     1     5   1059    277     83
     1     5   1061    278     85
     1     5   1064    278     86
     1     5   1067    278     88
     1     5   1070    279     90
     1     5   1073    280     92
     1     5   1075    281     94
     1     5   1077    282     95
     1     5   1079    283     97
     1     5   1080    284    100
     1     5   1082    285    101
     1     5   1083    286    103
     1     5   1084    287    105
     1     5   1086    288    107
     1     5   1087    290    110
     1     5   1088    292    112
     1     5   1089    293    115
     1     5   1089    295    117
     1     5   1089    296    119
     1     5   1088    298    122
     1     5   1087    300    124
     1     5   1086    302    127
     1     5   1083    305    130
     1     5   1081    306    131
     1     5   1078    308    132
     1     5   1075    309    133
     1     5   1072    310    134
     1     5   1069    311    134
     1     5   1066    312    135
     1     5   1062    313    135
     1     5   1059    314    136
     1     5   1056    315    136
     1     5   1053    315    136
     1     5   1051    316    136
     1     5   1047    317    137
     1     5   1044    318    138
     1     5   1042    319    138
     1     5   1039    320    139
     1     5   1036    321    140
     1     5   1032    323    141
     1     5   1030    325    143
     1     5   1028    326    144
     1     5   1027    327    146
     1     5   1027    328    147
     1     5   1027    329    149
     1     5   1027    331    151
     1     5   1027    332    153
     1     5   1026    334    155
     1     6    990    326    149
     1     6    988    325    148
     1     6    986    325    146
     1     6    984    324    145
     1     6    981    323    143
     1     6    979    323    142
     1     6    976    323    141
     1     6    974    323    140
     1     6    971    322    139
     1     6    969    321    137
     1     6    966    321    135
     1     6    963    320    134
     1     6    960    320    132
     1     6    957    319    131
     1     6    955    318    129
     1     6    953    318    127
     1     6    950    317    126
     1     6    949    316    124
     1     6    947    315    122
     1     6    945    314    120
     1     6    944    313    118
     1     6    942    312    116
     1     6    941    311    114
     1     6    941    308    110
     1     6    941    306    107
     1     6    941    305    105
     1     6    941    303    103
     1     6    941    302    101
     1     6    941    300     99
     1     6    942    298     96
     1     6    942    297     94
     1     6    942    295     92
     1     6    942    294     90
     1     6    942    292     87
     1     6    943    290     85
     1     6    945    289     83
     1     6    946    287     81
     1     6    948    285     80
     1     6    949    284     78
     1     6    951    281     75
     1     6    953    280     73
     1     6    954    279     72
     1     6    957    277     70
     1     6    959    276     69
     1     6    961    275     68
     1     6    963    274     67
     1     6    967    272     66
     1     6    967    272     66
     1     6    968    271     65
     1     6    970    270     64
     1     6    975    268     63
     1     6    978    268     63
     1     6    980    267     63
     1     6    983    266     63
     1     6    985    266     62
     1     6    989    265     62
     1     6    992    264     62
     1     6    995    264     62
     1     6    998    263     62
     1     6   1000    263     62
     1     6   1002    262     62
     1     6   1006    262     63
     1     6   1012    261     64
     1     6   1015    261     64
     1     6   1018    261     64
     1     6   1020    260     65
     1     6   1023    261     65
     1     6   1025    261     66
     1     6   1028    260     66
     1     6   1031    260     67
     1     6   1033    260     67
     1     6   1036    260     68
     1     6   1039    260     69
     1     6   1042    260     70
     1     6   1045    260     71
     1     6   1047    260     72
     1     6   1051    261     74
     1     6   1054    261     75
     1     6   1056    262     76
     1     6   1059    262     78
     1     6   1061    263     80
     1     6   1064    264     82
     1     6   1066    265     84
     1     6   1068    266     86
     1     6   1070    267     88
     1     6   1073    268     90
     1     6   1074    269     92
     1     6   1076    270     94
     1     6   1078    272     98
     1     6   1080    274    100
     1     6   1081    275    102
     1     6   1082    276    105
     1     6   1083    278    107
     1     6   1084    279    109
     1     6   1084    281    112
     1     6   1085    283    114
     1     6   1084    284    116
     1     6   1084    286    119
     1     6   1084    287    121
     1     6   1084    289    123
     1     6   1084    290    125
     1     6   1083    292    127
     1     6   1081    294    129
     1     6   1081    294    130
     1     6   1079    296    132
     1     6   1078    297    133
     1     6   1076    299    135
     1     6   1075    300    137
     1     6   1073    301    138
     1     6   1072    303    139
     1     6   1070    304    140
     1     6   1067    305    142
     1     6   1065    307    143
     1     6   1063    308    144
     1     6   1061    309    145
     1     6   1059    310    146
     1     6   1056    311    147
     1     6   1054    312    147
     1     6   1051    312    148
     1     6   1049    313    148
     1     6   1046    314    148
     1     6   1044    315    149
     1     6   1041    316    150
     1     6   1039    316    150
     1     6   1036    317    150
     1     6   1034    318    151
     1     6   1030    319    151
     1     6   1026    320    151
     1     6   1020    321    151
     1     6   1018    321    151
     1     6   1016    322    151
     1     6   1013    322    151
     1     6   1011    323    151
     1     7    978    323    145
     1     7    976    322    143
     1     7    974    321    142
     1     7    972    321    140
     1     7    970    320    138
     1     7    967    318    135
     1     7    965    317    134
     1     7    963    316    131
     1     7    960    315    129
     1     7    957    314    127
     1     7    955    314    126
     1     7    953    313    124
     1     7    952    312    123
     1     7    950    311    120
     1     7    949    310    118
     1     7    947    308    116
     1     7    946    307    114
     1     7    945    306    112
     1     7    943    305    109
     1     7    942    303    107
     1     7    942    302    105
     1     7    941    300    102
     1     7    942    299    100
     1     7    942    297     98
     1     7    942    296     96
     1     7    942    294     94
     1     7    942    292     91
     1     7    942    291     89
     1     7    943    289     86
     1     7    944    286     82
     1     7    945    283     79
     1     7    947    281     77
     1     7    948    280     75
     1     7    950    278     74
     1     7    951    277     72
     1     7    954    275     70
     1     7    956    274     69
     1     7    960    272     67
     1     7    963    271     67
     1     7    965    270     66
     1     7    968    269     66
     1     7    971    268     65
     1     7    974    267     65
     1     7    976    266     64
     1     7    979    266     64
     1     7    981    265     63
     1     7    984    264     63
     1     7    987    263     63
     1     7    989    263     62
     1     7    993    262     63
     1     7    997    262     63
     1     7   1001    261     64
     1     7   1003    261     64
     1     7   1006    261     65
     1     7   1009    260     65
     1     7   1014    260     66
     1     7   1017    260     67
     1     7   1020    260     68
     1     7   1023    261     69
     1     7   1026    261     71
     1     7   1029    261     71
     1     7   1033    262     74
     1     7   1036    262     74
     1     7   1038    262     76
     1     7   1041    262     77
     1     7   1043    263     78
     1     7   1046    263     79
     1     7   1049    263     80
     1     7   1052    264     82
     1     7   1055    264     83
     1     7   1058    264     84
     1     7   1060    265     86
     1     7   1062    266     88
     1     7   1065    267     90
     1     7   1067    268     92
     1     7   1069    269     94
     1     7   1070    270     96
     1     7   1073    271     98
     1     7   1073    273    101
     1     7   1075    274    103
     1     7   1077    276    106
     1     7   1078    277    109
     1     7   1079    279    111
     1     7   1080    280    113
     1     7   1081    282    117
     1     7   1081    284    120
     1     7   1080    286    122
     1     7   1080    288    124
     1     7   1079    290    128
     1     7   1078    292    129
     1     7   1076    294    132
     1     7   1075    295    134
     1     7   1073    297    135
     1     7   1072    298    137
     1     7   1070    299    138
     1     7   1067    301    139
     1     7   1065    302    140
     1     7   1063    303    141
     1     7   1060    305    142
     1     7   1058    306    143
     1     7   1055    307    144
     1     7   1053    308    145
     1     7   1051    309    145
     1     7   1048    309    146
     1     7   1046    310    147
     1     7   1044    311    147
     1     7   1042    312    148
     1     7   1039    313    148
