    45   1141    725    259
    45   1131    719    259
    45   1115    703    254
    47   1164    562    117
    47   1128    593    140
    47   1117    598    146
    47   1106    607    153
    47   1077    634    172
    47   1028    675    203
    48   1113    623    155
    48   1119    650    161
    49    507    473    153
    49    551    447    153
    49    591    425    145
    49    611    412    141
    49    646    400    135
    49    677    380    128
    49    727    359    111
    50    587    437    145
    50    601    443    143
    50    633    451    138
    50    646    456    137
    51    909    617    200
    51    910    649    205
    51    910    677    206
    51    912    690    205
    51    916    714    203
    52    826    522    249
    52    847    540    238
    52    867    561    226
    52    896    589    210
    52    938    619    189
    52    976    647    166
    52   1000    667    153
    53    901    651    167
    53    878    587    185
    53    866    535    200
    53    847    474    217
    53    839    436    226
    53    834    411    233
    54    927    632    166
    54    887    667    155
    54    847    703    146
    54    822    724    141
    55    962    596    261
    55    944    580    264
    55    927    567    266
    55    913    556    268
    55    897    545    270
    55    880    535    272
    55    864    526    273
    56    905    540    271
    56    912    506    277
    57    805    289    139
    57    808    320    134
    57    816    351    130
    57    827    408    121
    58    806    366    126
    58    788    378    124
    59    918    190    245
    59    884    185    226
