     1     1    651    533    192
     1     1    660    529    193
     1     1    672    527    194
     1     1    689    529    196
     1     1    700    528    198
     1     1    716    529    200
     1     1    733    531    202
     1     1    745    535    204
     1     1    756    537    206
     1     1    766    544    208
     1     1    773    548    209
     1     1    780    556    211
     1     1    792    569    213
     1     1    799    580    215
     1     1    805    593    217
     1     1    811    614    220
     1     1    813    634    222
     1     1    812    657    224
     1     1    812    673    225
     1     1    813    685    227
     1     1    813    693    227
     1     1    813    698    228
     1     1    811    696    227
     1     1    811    700    228
     1     1    811    705    228
     1     1    813    711    229
     1     1    821    723    231
     1     1    834    740    234
     1     1    843    757    237
     1     1    845    773    238
     1     1    844    785    239
     1     2    636    544    189
     1     2    641    541    189
     1     2    653    535    190
     1     2    668    532    192
     1     2    683    528    194
     1     2    699    526    195
     1     2    710    526    197
     1     2    725    524    199
     1     2    740    526    201
     1     2    758    532    204
     1     2    771    539    206
     1     2    788    552    209
     1     2    802    571    213
     1     2    808    586    215
     1     2    815    609    218
     1     2    814    626    219
     1     2    813    642    221
     1     2    813    658    222
     1     2    812    672    223
     1     2    811    685    224
     1     2    811    695    225
     1     2    813    710    227
     1     2    815    716    228
     1     3    631    538    185
     1     3    634    535    186
     1     3    644    533    187
     1     3    656    531    188
     1     3    668    528    189
     1     3    681    527    191
     1     3    696    527    193
     1     3    706    526    194
     1     3    715    526    195
     1     3    726    527    197
     1     3    737    526    198
     1     3    755    528    201
     1     3    767    535    203
     1     3    784    548    207
     1     3    797    568    210
     1     3    804    586    212
     1     3    805    603    214
     1     3    803    615    215
     1     3    804    629    216
     1     3    806    643    218
     1     3    809    657    219
     1     3    812    670    221
     1     3    816    682    223
     1     3    820    700    225
     1     3    829    717    227
     1     3    839    736    230
     1     3    847    752    233
     1     3    849    769    235
     1     3    848    786    236
     1     3    845    805    237
     1     3    843    812    238
     1     4    606    547    181
     1     4    608    546    181
     1     4    611    544    181
     1     4    618    537    182
     1     4    629    530    182
     1     4    642    521    184
     1     4    656    520    185
     1     4    670    514    186
     1     4    684    511    188
     1     4    701    513    190
     1     4    713    514    192
     1     4    723    518    194
     1     4    729    520    195
     1     4    741    526    197
     1     4    751    532    199
     1     4    762    540    201
     1     4    772    548    203
     1     4    785    557    205
     1     4    798    580    209
     1     4    804    592    211
     1     4    807    610    213
     1     4    807    621    214
     1     4    806    637    215
     1     4    807    650    216
     1     4    807    659    217
     1     4    809    673    219
     1     4    811    682    220
     1     4    819    699    223
     1     4    830    712    225
     1     4    838    733    228
     1     4    844    757    231
     1     4    844    782    233
     1     4    844    799    235
     1     4    843    810    235
     1     4    844    816    236
     1     4    847    821    237
     1     4    849    824    238
     1     5    649    521    182
     1     5    653    519    183
     1     5    662    515    183
     1     5    678    514    185
     1     5    697    515    188
     1     5    717    515    191
     1     5    732    517    193
     1     5    751    521    196
     1     5    771    532    199
     1     5    790    553    204
     1     5    800    570    207
     1     5    804    591    209
     1     5    804    607    210
     1     5    803    628    212
     1     5    803    649    214
     1     5    808    669    216
     1     5    818    692    220
     1     5    828    713    223
     1     5    836    741    226
     1     5    837    761    228
     1     5    838    778    230
     1     5    840    797    232
     1     5    839    809    233
     1     6    609    531    176
     1     6    622    525    177
     1     6    625    524    177
     1     6    661    514    181
     1     6    681    509    183
     1     6    699    507    186
     1     6    719    509    188
     1     6    737    519    192
     1     6    758    533    196
     1     6    771    546    199
     1     6    790    568    203
     1     6    805    586    206
     1     6    813    611    210
     1     6    818    637    213
     1     6    823    666    216
     1     6    831    693    219
     1     6    839    724    223
     1     6    843    744    225
     1     6    849    761    228
     1     6    853    777    230
     1     6    857    789    231
     1     6    862    802    233
     1     6    868    814    235
     1     6    877    830    238
     1     6    888    847    241
     1     6    911    872    246
     1     6    922    886    249
     1     6    931    895    250
     1     6    938    902    252
     1     6    941    904    253
     1     7    573    532    169
     1     7    577    530    170
     1     7    589    522    170
     1     7    610    517    173
     1     7    624    515    174
     1     7    642    513    177
     1     7    660    511    179
     1     7    684    513    182
     1     7    711    516    186
     1     7    735    520    189
     1     7    760    530    194
     1     7    784    548    198
     1     7    797    565    202
     1     7    807    591    205
     1     7    813    616    208
     1     7    820    642    211
     1     7    825    664    214
     1     7    831    686    217
     1     7    834    705    219
     1     7    835    723    221
     1     7    841    744    223
     1     7    844    763    225
     1     7    850    787    228
     1     7    862    810    232
     1     7    875    832    236
     1     7    890    850    239
     1     7    896    856    240
     1     7    898    859    241
     1     8    634    536    176
     1     8    637    536    176
     1     8    660    535    179
     1     8    675    534    181
     1     8    690    536    183
     1     8    705    538    185
     1     8    715    538    186
     1     8    725    537    188
     1     8    739    538    190
     1     8    753    537    191
     1     8    761    539    192
     1     8    779    550    196
     1     8    791    565    199
     1     8    795    589    201
     1     8    797    612    204
     1     8    801    635    206
     1     8    808    664    210
     1     8    816    695    214
     1     8    824    721    217
     1     8    833    745    220
     1     8    842    764    223
     1     8    850    781    226
     1     8    858    801    229
     1     8    873    831    233
     1     8    887    846    236
     1     8    892    850    237
     1     8    902    861    240
     1     8    913    874    242
     1     8    922    883    244
     1     8    928    889    245
     1     8    933    893    247
     1     8    941    900    248
     1     9    649    550    177
     1     9    657    547    178
     1     9    673    542    179
     1     9    684    538    180
     1     9    696    530    181
     1     9    707    525    182
     1     9    730    522    185
     1     9    745    526    187
     1     9    758    532    189
     1     9    771    546    192
     1     9    783    559    195
     1     9    800    586    200
     1     9    805    622    204
     1     9    809    661    208
     1     9    812    691    211
     1     9    816    726    214
     1     9    825    755    218
     1     9    834    770    221
     1     9    845    787    223
     1     9    856    803    226
     1     9    866    824    230
     1     9    871    837    231
     1     9    876    844    233
     1     9    879    847    233
     1     9    889    859    236
     1     9    905    872    239
     1     9    913    879    241
     1     9    919    882    242
     1    10    644    555    175
     1    10    648    552    175
     1    10    657    548    176
     1    10    669    544    177
     1    10    682    540    178
     1    10    692    536    179
     1    10    703    530    180
     1    10    718    526    182
     1    10    734    524    184
     1    10    747    523    185
     1    10    764    528    188
     1    10    784    543    192
     1    10    801    566    196
     1    10    808    590    199
     1    10    813    616    202
     1    10    821    646    206
     1    10    828    674    209
     1    10    828    695    211
     1    10    827    715    213
     1    10    832    736    215
     1    10    838    755    218
     1    10    845    773    220
     1    10    854    790    223
     1    10    861    806    225
     1    10    865    820    227
     1    10    871    829    229
     1    10    873    832    229
     1    11    643    544    171
     1    11    646    541    172
     1    11    658    537    173
     1    11    676    534    175
     1    11    691    530    177
     1    11    709    526    178
     1    11    725    523    180
     1    11    739    522    182
     1    11    756    527    185
     1    11    764    531    186
     1    11    777    542    189
     1    11    790    557    192
     1    11    800    581    195
     1    11    808    612    199
     1    11    814    639    202
     1    11    817    676    206
     1    11    823    705    209
     1    11    834    731    213
     1    11    842    750    216
     1    11    848    769    218
     1    11    854    779    220
     1    11    861    806    223
     1    11    868    824    226
     1    11    877    838    228
     1    11    886    847    230
     1    11    888    850    231
     1    12    629    554    169
     1    12    642    548    170
     1    12    664    543    172
     1    12    681    542    174
     1    12    695    539    176
     1    12    704    536    177
     1    12    714    533    178
     1    12    727    528    179
     1    12    742    526    181
     1    12    756    529    183
     1    12    769    534    185
     1    12    781    544    188
     1    12    794    560    191
     1    12    804    584    194
     1    12    808    608    197
     1    12    814    627    199
     1    12    819    649    202
     1    12    823    673    204
     1    12    830    707    208
     1    12    835    732    211
     1    12    843    758    215
     1    12    851    786    218
     1    12    857    810    221
     1    12    863    825    223
     1    12    874    842    226
     1    12    891    861    230
     1    12    906    872    233
     1    12    925    886    237
     1    12    928    892    238
     1    13    647    548    168
     1    13    653    543    169
     1    13    675    535    171
     1    13    698    530    173
     1    13    714    528    175
     1    13    729    528    177
     1    13    745    533    180
     1    13    760    536    182
     1    13    773    545    185
     1    13    791    558    188
     1    13    807    580    192
     1    13    817    607    196
     1    13    821    629    198
     1    13    822    651    200
     1    13    825    675    203
     1    13    829    699    206
     1    13    834    720    208
     1    13    840    742    211
     1    13    846    762    213
     1    13    853    777    216
     1    13    864    794    218
     1    13    872    807    221
     1    13    878    818    222
     1    13    883    827    224
     1    13    888    841    226
     1    13    901    861    229
     1    13    912    871    232
     1    13    925    882    234
     1    13    936    894    237
     1    13    943    904    239
     1    13    947    910    240
     1    13    957    919    242
     1    14    657    544    167
     1    14    660    541    167
     1    14    673    534    168
     1    14    690    525    170
     1    14    709    518    172
     1    14    728    520    174
     1    14    732    517    175
     1    14    738    517    175
     1    14    747    518    177
     1    14    756    521    178
     1    14    769    528    180
     1    14    779    537    183
     1    14    786    545    184
     1    14    794    553    186
     1    14    803    572    189
     1    14    807    587    191
     1    14    815    613    194
     1    14    820    634    196
     1    14    823    660    199
     1    14    825    680    201
     1    14    828    702    204
     1    14    836    737    208
     1    14    842    758    210
     1    14    856    793    215
     1    14    866    816    219
     1    14    879    841    223
     1    14    893    862    226
     1    14    927    889    233
     1    14    936    897    235
     1    15    651    553    165
     1    15    654    550    165
     1    15    663    547    166
     1    15    675    542    167
     1    15    684    538    168
     1    15    696    530    169
     1    15    711    526    171
     1    15    728    526    173
     1    15    746    527    175
     1    15    758    529    177
     1    15    774    540    180
     1    15    789    558    184
     1    15    797    576    186
     1    15    804    597    189
     1    15    812    623    192
     1    15    819    657    196
     1    15    824    691    200
     1    15    830    723    204
     1    15    836    747    207
     1    15    848    786    212
     1    15    855    808    215
     1    15    868    836    219
     1    15    879    859    222
     1    15    892    873    225
     1    15    908    888    229
     1    15    916    898    231
     1    15    919    901    231
     1    16    630    560    161
     1    16    636    559    162
     1    16    646    554    163
     1    16    661    548    164
     1    16    673    542    165
     1    16    686    536    166
     1    16    699    532    168
     1    16    711    528    169
     1    16    723    524    170
     1    16    737    523    172
     1    16    754    526    174
     1    16    773    534    178
     1    16    788    546    180
     1    16    799    563    183
     1    16    804    583    186
     1    16    811    606    189
     1    16    815    625    191
     1    16    819    644    193
     1    16    824    662    195
     1    16    830    687    199
     1    16    838    718    202
     1    16    849    751    207
     1    16    860    782    211
     1    16    873    811    215
     1    16    886    838    219
     1    16    893    854    222
     1    16    901    874    224
     1    16    908    888    227
     1    16    919    900    229
     1    16    928    908    231
     1    16    933    910    232
     1    16    938    913    233
     1    17    631    557    159
     1    17    636    555    159
     1    17    647    548    160
     1    17    661    544    162
     1    17    680    537    163
     1    17    696    534    165
     1    17    707    532    167
     1    17    718    530    168
     1    17    729    530    169
     1    17    744    532    171
     1    17    758    535    173
     1    17    766    539    175
     1    17    779    548    177
     1    17    792    564    181
     1    17    802    582    183
     1    17    809    599    186
     1    17    814    616    188
     1    17    815    635    190
     1    17    815    636    190
     1    17    814    644    191
     1    17    812    661    192
     1    17    812    678    193
     1    17    813    693    195
     1    17    817    710    197
     1    17    823    727    199
     1    17    829    746    202
     1    17    838    768    205
     1    17    846    790    208
     1    17    857    815    211
     1    17    864    836    214
     1    17    878    860    218
     1    17    892    881    222
     1    17    899    890    224
     1    17    904    896    225
     1    17    918    909    228
     1    17    947    929    233
     1    17    960    936    236
     1    17    962    939    236
     1    18    646    548    158
     1    18    649    547    158
     1    18    657    547    159
     1    18    663    545    160
     1    18    673    545    161
     1    18    683    544    163
     1    18    693    541    164
     1    18    702    538    164
     1    18    711    534    165
     1    18    718    532    166
     1    18    730    529    167
     1    18    740    528    169
     1    18    751    527    170
     1    18    763    529    172
     1    18    775    534    174
     1    18    790    544    177
     1    18    800    554    179
     1    18    812    567    182
     1    18    815    587    184
     1    18    816    605    185
     1    18    816    621    187
     1    18    815    643    189
     1    18    818    669    191
     1    18    820    690    193
     1    18    823    709    195
     1    18    825    729    198
     1    18    833    748    200
     1    18    838    762    202
     1    18    848    778    205
     1    18    857    797    208
     1    18    863    816    210
     1    18    871    835    213
     1    18    878    858    216
     1    18    885    869    218
     1    18    893    878    220
     1    18    906    890    222
     1    18    911    896    224
     1    18    925    908    227
     1    18    938    917    229
     1    19    647    551    156
     1    19    651    550    157
     1    19    671    544    159
     1    19    689    537    161
     1    19    704    531    162
     1    19    718    526    163
     1    19    732    524    165
     1    19    748    525    167
     1    19    761    528    169
     1    19    775    537    172
     1    19    789    548    175
     1    19    803    564    178
     1    19    817    599    183
     1    19    815    627    185
     1    19    815    651    187
     1    19    815    675    189
     1    19    815    700    192
     1    19    821    718    194
     1    19    831    739    197
     1    19    838    757    200
     1    19    851    780    204
     1    19    860    796    206
     1    19    863    808    207
     1    19    872    825    210
     1    19    877    841    212
     1    19    879    854    214
     1    19    886    868    216
     1    19    893    884    218
     1    19    906    901    221
     1    19    926    921    226
     1    19    943    936    229
     1    19    963    951    233
     1    19    980    962    236
     1    19   1001    978    241
     1    20    641    554    154
     1    20    644    551    154
     1    20    654    547    155
     1    20    667    544    156
     1    20    682    542    158
     1    20    693    538    159
     1    20    705    535    160
     1    20    718    532    162
     1    20    727    530    163
     1    20    741    530    165
     1    20    762    537    168
     1    20    779    549    172
     1    20    790    562    174
     1    20    796    572    176
     1    20    799    586    177
     1    20    802    602    179
     1    20    807    621    182
     1    20    810    649    184
     1    20    812    675    187
     1    20    816    702    190
     1    20    825    727    193
     1    20    833    745    196
     1    20    836    761    198
     1    20    841    775    200
     1    20    846    791    202
     1    20    852    802    203
     1    20    856    812    205
     1    20    863    838    208
     1    20    870    856    211
     1    20    882    875    214
     1    20    899    893    218
     1    20    917    909    222
     1    20    930    924    224
     1    20    938    932    226
     1    20    941    936    227
     1    21    661    550    154
     1    21    666    547    155
     1    21    678    539    155
     1    21    689    533    156
     1    21    701    527    157
     1    21    712    525    158
     1    21    725    522    160
     1    21    735    523    161
     1    21    745    525    163
     1    21    757    526    165
     1    21    770    530    167
     1    21    789    545    170
     1    21    795    557    172
     1    21    802    572    175
     1    21    809    594    177
     1    21    815    619    180
     1    21    819    648    184
     1    21    821    676    186
     1    21    824    696    188
     1    21    827    717    191
     1    21    835    747    194
     1    21    842    764    197
     1    21    851    788    200
     1    21    857    805    202
     1    21    864    823    205
     1    21    873    842    208
     1    21    881    865    211
     1    21    893    889    215
     1    21    903    902    217
     1    21    915    912    220
     1    21    940    929    224
     1    21    957    947    228
     1    21    966    955    230
     1    21    986    970    234
     1    21   1003    985    238
     1    21   1034   1002    243
     1    22    648    543    150
     1    22    651    542    150
     1    22    669    535    152
     1    22    685    529    153
     1    22    702    525    155
     1    22    719    524    157
     1    22    737    523    160
     1    22    751    524    162
     1    22    768    534    165
     1    22    790    555    169
     1    22    804    575    173
     1    22    810    590    175
     1    22    811    607    177
     1    22    812    625    178
     1    22    811    645    180
     1    22    811    666    182
     1    22    814    687    184
     1    22    820    714    187
     1    22    827    733    190
     1    22    840    758    194
     1    22    846    775    196
     1    22    849    793    198
     1    22    851    804    199
     1    22    858    819    202
     1    22    869    834    204
     1    22    887    859    209
     1    22    900    882    213
     1    22    907    894    215
     1    22    928    911    219
     1    23    746    516    158
     1    23    749    518    159
     1    23    771    531    163
     1    23    775    534    163
     1    23    786    545    166
     1    23    796    553    168
     1    23    803    564    170
     1    23    806    579    172
     1    23    805    598    173
     1    23    803    617    175
     1    23    803    640    177
     1    23    807    663    179
     1    23    813    687    182
     1    23    821    715    186
     1    23    834    743    190
     1    23    853    780    196
     1    23    865    809    200
     1    23    874    826    202
     1    23    887    847    206
     1    23    893    857    208
     1    23    906    878    211
     1    23    919    894    214
     1    23    978    950    227
     1    24    730    508    153
     1    24    746    511    156
     1    24    766    517    159
     1    24    778    530    162
     1    24    790    550    165
     1    24    798    573    168
     1    24    807    596    171
     1    24    808    619    173
     1    24    810    643    176
     1    24    810    659    177
     1    24    812    681    179
     1    24    815    703    182
     1    24    818    717    183
     1    24    823    734    186
     1    24    830    751    188
     1    24    837    769    191
     1    24    848    793    194
     1    24    854    807    196
     1    24    862    823    199
     1    24    873    845    202
     1    24    887    867    206
     1    24    906    888    210
     1    24    925    909    214
     1    24    951    938    221
     1    24    976    958    226
     1    24   1003    977    231
     1    24   1008    981    232
     1    25    454    626    126
     1    25    462    615    126
     1    25    479    599    126
     1    25    500    583    128
     1    25    519    567    129
     1    25    528    558    129
     1    25    537    550    130
     1    26    705    501    147
     1    26    716    500    149
     1    26    729    504    151
     1    26    743    512    153
     1    26    754    516    155
     1    26    763    522    157
     1    26    770    529    158
     1    26    778    542    161
     1    26    791    563    164
     1    26    801    579    167
     1    26    808    598    170
     1    26    812    620    172
     1    26    817    649    175
     1    26    815    673    177
     1    26    814    694    179
     1    26    818    711    181
     1    26    824    723    183
     1    26    831    746    186
     1    26    838    763    188
     1    26    849    778    191
     1    26    851    782    191
     1    26    858    802    194
     1    26    871    823    198
     1    26    881    844    201
     1    26    891    861    204
     1    26    909    887    208
     1    26    919    907    211
     1    26    939    927    216
     1    26    956    944    220
     1    26    966    955    222
     1    26    978    965    224
     1    26   1012    984    230
     1    26   1019    989    232
     1    27    745    517    152
     1    27    758    522    154
     1    27    772    524    156
     1    27    783    530    158
     1    27    794    542    161
     1    27    800    562    163
     1    27    800    580    165
     1    27    798    600    166
     1    27    798    616    168
     1    27    800    637    170
     1    27    803    663    173
     1    27    808    701    177
     1    27    814    720    179
     1    27    825    745    183
     1    27    840    778    188
     1    27    852    800    191
     1    27    861    817    194
     1    27    870    835    197
     1    27    882    861    201
     1    27    896    885    204
     1    27    907    900    207
     1    27    941    926    214
     1    27    957    941    217
     1    27    978    955    221
     1    27    995    973    225
     1    28    743    519    150
     1    28    747    520    151
     1    28    754    523    152
     1    28    760    527    153
     1    28    772    535    155
     1    28    784    546    158
     1    28    793    554    160
     1    28    794    561    160
     1    28    797    574    162
     1    28    800    590    164
     1    28    801    605    165
     1    28    803    619    167
     1    28    806    643    169
     1    28    809    666    172
     1    28    812    688    174
     1    28    815    704    176
     1    28    817    714    177
     1    28    825    729    179
     1    28    843    767    185
     1    28    841    767    185
     1    28    843    791    187
     1    28    847    800    189
     1    28    855    819    191
     1    28    861    827    193
     1    28    873    848    196
     1    28    888    869    200
     1    28    914    892    205
     1    28    930    906    209
     1    28    948    923    213
     1    28    968    940    217
     1    28    974    946    218
     1    28    993    960    222
     1    28   1016    977    226
     1    28   1030    988    229
     1    29    767    544    153
     1    29    771    545    154
     1    29    781    554    156
     1    29    791    569    159
     1    29    796    582    161
     1    29    801    613    164
     1    29    800    640    166
     1    29    801    667    169
     1    29    805    696    172
     1    29    814    723    175
     1    29    827    754    180
     1    29    847    790    186
     1    29    854    807    188
     1    29    867    831    192
     1    29    873    847    194
     1    29    888    870    198
     1    29    899    885    201
     1    29    914    897    204
     1    29    942    917    209
     1    29    966    934    214
     1    29    986    949    218
     1    29   1003    965    222
     1    30    794    614    138
     1    30    798    627    139
     1    30    797    652    141
     1    30    799    677    144
     1    30    804    708    147
     1    30    821    748    153
     1    30    837    779    158
     1    30    853    811    163
     1    30    865    830    166
     1    30    873    848    169
     1    30    881    868    172
     1    30    895    890    175
     1    30    914    914    180
     1    30    933    937    185
     1    30    980    975    194
     1    30   1003    998    199
     1    31    777    555    128
     1    31    783    567    130
     1    31    788    593    133
     1    31    797    626    137
     1    31    802    652    140
     1    31    803    686    143
     1    31    804    708    145
     1    31    806    721    147
     1    31    812    738    149
     1    31    821    760    152
     1    31    829    774    154
     1    31    838    791    157
     1    31    843    803    159
     1    31    851    819    161
     1    31    855    836    163
     1    31    861    856    166
     1    31    870    876    169
     1    31    885    901    173
     1    31    902    925    177
     1    31    924    947    182
     1    31    939    962    186
     1    31    962    977    190
     1    31   1000    997    197
     1    32    775    550    125
     1    32    783    560    127
     1    32    793    581    131
     1    32    797    613    134
     1    32    800    646    137
     1    32    795    681    140
     1    32    793    707    142
     1    32    807    739    146
     1    32    829    768    152
     1    32    854    797    158
     1    32    866    828    162
     1    32    867    857    165
     1    32    882    887    169
     1    32    914    915    176
     1    32    943    949    183
     1    32    957    961    186
     1    32    972    972    189
     1    33    472    730     97
     1    33    474    716     96
     1    33    475    688     93
     1    33    480    664     92
     1    33    490    636     91
     1    33    503    612     90
     1    33    522    586     90
     1    33    540    571     91
     1    33    542    568     91
     1    33    552    555     92
     1    33    567    546     93
     1    33    586    538     95
     1    33    601    532     96
     1    33    620    532     99
     1    33    648    538    103
     1    33    664    547    106
     1    34    786    565    123
     1    34    787    573    124
     1    34    782    598    126
     1    34    776    625    127
     1    34    768    650    128
     1    34    765    662    129
     1    34    769    686    132
     1    34    781    712    135
     1    34    798    733    140
     1    34    822    764    145
     1    34    836    797    150
     1    34    847    822    154
     1    34    867    862    160
     1    34    881    890    164
     1    34    889    908    167
     1    34    909    931    172
     1    34    937    956    178
     1    34    943    960    179
