    87   1113    594    170
    87   1131    615    167
    87   1149    635    159
    87   1167    655    156
    97    917    552    149
    97    984    611    151
    97   1050    662    158
   104    693    425    104
   104    665    460     96
   104    855    297    166
   105   1013    486    269
   105    992    481    267
   105    979    476    267
   105    964    473    265
   105    938    462    264
   105    899    445    264
   105    857    422    269
   105    844    413    270
   105    820    398    272
   105    809    388    274
   105    792    376    275
   105    775    363    277
   105    764    351    280
   115    486    295    351
   115    459    279    349
   115    428    264    350
   115    414    255    349
   115    364    222    342
   124    601    385    240
   124    631    394    240
   124    654    404    241
   124    678    417    241
   124    691    425    241
   124    718    441    241
   124    754    467    241
   127    968    793     88
   127    970    820     84
   127    971    849     81
   127    969    873     78
   127    970    904     74
   127    961    948     68
   128    930    414    100
   128    905    451    104
   128    894    468    106
   128    888    481    107
   128    880    501    108
   128    876    519    109
   128    867    546    111
   128    862    564    112
   128    864    582    111
   129    972    993     98
   129    974    965    100
   129    970    936    102
   129    970    900    105
   129    966    887    105
   129    961    861    103
   149   1145   1002    172
   149   1144    919    181
   149   1153    799    194
   150    697    240    226
   150    755    347    217
   150    786    408    212
   151    923    882    304
   151   1098    778    267
   154   1011    619    312
   154   1043    675    295
   155   1084    950    252
   155    965    852    275
   155    920    810    284
   155    895    782    289
   155    842    710    315
   155    812    667    322
   168   1014    837    224
   168   1166    739    207
   169    946    678    112
   169    940    606    113
   169    937    540    114
   169    935    510    130
   169    938    481    131
   169    952    448    128
   175    932    496    139
   175   1015    587    127
   175   1107    678    113
   176    972    467    196
   176   1055    523    175
   176   1058    529    174
   176   1135    589    154
   182    985    270    187
   182   1040    329    187
   182   1075    368    189
   182   1116    413    189
   182   1150    447    189
   185   1115    171    150
   185   1067    207    149
   185   1017    246    148
   185    957    294    157
   185    878    342    163
   185    820    387    168
   196    609    469    226
   196    525    395    245
   196    460    348    257
   196    419    327    262
   198   1004    194    207
   198   1152    301    173
   204    482    281    141
   204    567    334    157
   204    624    382    164
   204    661    410    170
   204    708    455    175
   205    462    594     85
   205    374    462     86
   207    338    429    186
   207    388    390    215
   207    417    357    235
   207    448    306    261
   207    469    263    281
   207    475    221    297
   208    340    367    149
   208    345    381    142
   211    838    346    275
   211    997    651     85
   212    908    406    249
   212    997    536    189
   212   1087    655    138
   213    629    208    326
   213    776    395    343
   214    490    177    307
   214    507    210    298
   214    526    232    293
   214    550    255    288
   214    644    329    276
   214    723    391    266
   214    844    471    256
   225    897    180    311
   225    965    258    306
   225    983    282    305
   225    989    304    303
   225    987    320    301
   227    405    192    303
   227    450    225    284
   228    628    443    262
   228    507    310    276
   230    628    438    260
   230    558    355    268
   230    506    306    273
   230    407    218    280
   242    757    186    195
   242    778    201    191
   243    678    182    199
   243    715    223    194
   243    746    266    187
   246   1009    891    188
   246    965    719    204
   246    947    654    209
   246    937    625    212
   246    924    603    214
   246    909    577    217
   246    881    556    219
   246    811    494    225
   246    777    474    227
   246    743    442    248
   246    682    399    263
   246    656    375    271
   246    626    344    280
   247    594    186    355
   247    605    251    356
   247    604    291    354
   247    599    320    353
   256    516    312    242
   256    412    422    183
   258    715    328    266
   258    531    377    225
   258    439    404    212
   258    403    415    204
   258    388    419    201
   260   1005    856    297
   260   1025    870    299
   260   1055    923    296
   260   1095    979    296
   270   1075    846    302
   270   1144    854    242
   275    923    608    299
   275    879    563    304
   275    855    524    308
   275    829    494    312
   275    811    463    316
   275    796    422    321
   275    783    380    327
   275    775    322    336
   275    764    297    340
   276    964    921    155
   276    982    877    162
   276    982    853    165
   276    974    820    169
   276    966    786    174
   276    956    753    178
   276    933    700    184
   276    901    645    190
   276    874    609    193
   278    710    312    312
   278    760    322    313
   278    791    330    313
   278    808    344    312
   278    828    361    310
   278    847    382    308
   278    863    397    307
   278    866    414    304
   278    877    435    307
   278    899    479    302
   278    926    550    302
   278    940    581    298
   278    958    624    292
   278    975    681    284
   278   1007    740    267
   281    405    535    108
   281    391    560    103
   281    336    630     97
   294   1140    985    197
   294   1113    978    195
   294   1083    957    192
   294   1047    939    189
   294   1009    921    185
   303    663    480    190
   303    582    464    193
   303    561    447    192
   303    531    415    190
   303    447    306    182
   303    421    252    177
   307    848    497     86
   307    927    255    103
   311   1113    814    126
   311   1116    898    103
   311   1121    937     94
   311   1126    957     90
   311   1128    969     87
   311   1119    985     80
   327    894    701     99
   327    876    656     97
   327    864    627     96
   327    853    595     94
   327    848    555     89
   328    832    698    122
   328    841    632    121
   328    848    574    120
   328    857    530    118
   328    867    496    116
   328    884    443    113
   328    898    417    110
   328    927    375    103
   328    975    311     91
   329    904    814    100
   329    866    739    102
   329    848    691    102
   329    826    647    103
   329    826    625    102
   329    820    586    110
   329    832    552    104
   329    848    497     95
   329    875    410     82
   330    950    765    134
   330    923    698    134
   330    898    657    136
   330    870    606    138
   330    825    554    144
   334   1134    959    203
   334   1062    937    226
   334   1016    915    223
   334    984    900    233
   336   1106    616    143
   336   1121    698    158
   336   1132    758    168
   336   1156    822    176
   337    844    317    148
   337    787    288    162
   337    745    274    175
   337    705    261    187
   337    674    247    195
   337    617    221    210
   337    576    190    218
   337    558    179    221
   339    483    257    344
   339    391    209    346
   339    344    181    347
   341    377    240    300
   341    512    254    278
   341    583    265    268
   341    634    278    262
   341    681    284    255
   341    732    307    252
   341    766    316    249
   341    824    340    246
   341    864    359    244
   341    922    382    241
   341    958    398    239
   341   1022    429    237
   350    941    870    115
   350    908    821    119
   350    880    770    123
   350    866    736    125
   350    860    710    126
   350    853    675    127
   350    853    640    128
   350    855    601    128
   350    861    561    128
   353    766    192    192
   353    789    203    188
   357    944    538    168
   357    942    612    164
   357    950    687    160
   357    949    764    156
   357    946    815    153
   357    938    833    153
   359   1135    501    183
   359   1071    470    189
   359   1019    438    194
   359    972    418    199
   359    918    386    204
   359    882    355    208
   359    816    307    216
   359    737    233    226
   379   1147    961    278
   379   1112    950    285
   379   1102    945    288
   384   1013    680     81
   384   1030    739     85
   384   1058    823     90
   384   1073    884     94
   388    896    410    261
   388    840    385    258
   388    796    366    255
   388    752    347    252
   388    716    334    249
   388    682    320    247
   388    647    308    245
   388    624    299    243
   388    597    280    247
   388    589    268    247
   392   1047    413    301
   392   1002    359    262
   392    944    288    211
   392    919    242    173
   392    889    199    142
   392    866    166    118
   396    904    387    320
   396    961    362    311
   396    997    350    307
   396   1034    330    300
   396   1085    308    292
   399   1007    653     94
   399   1029    679     98
   399   1052    704    102
   399   1078    727    106
   399   1114    759    113
   399   1145    776    118
   399   1145    775    118
   403   1120    205    182
   403   1155    251    159
   405    911    614    137
   405    929    661    131
   405    950    708    125
   405    975    768    117
   405    987    813    111
   405    996    871    104
   405    996    929     97
   408    881    496     93
   408    908    477     98
   408    927    457    103
   408    949    431    109
   408    972    395    117
   408    994    366    123
   408   1004    346    128
   408   1012    315    134
   408   1016    284    140
   408   1017    249    146
   424    933    194     99
   424    886    213     94
   424    859    227     91
   424    825    249     88
   424    806    261     86
   424    763    294     81
   427    855    267     91
   427    824    297     92
   427    810    320     93
   427    795    348     95
   427    779    377     97
   427    768    414     99
   427    753    451    101
   427    740    495    104
   444   1075    925    151
   444   1083    967    137
   444   1091   1003    126
   445   1123    736    239
   445   1086    715    256
   445   1056    695    270
   447   1149    676    267
   449   1149    235    113
   449   1135    219    122
   453    694    250    233
   453    698    314    225
   453    711    383    219
   454    333    560    115
   454    373    530    133
   456    434    190    185
   456    400    219    153
   456    378    242    131
   471    963    911    167
   471    954    847    186
   471    945    809    195
   471    934    773    204
   472   1170    756    142
   472   1119    725    127
   472   1095    711    121
   476    959    804    112
   476    939    740    115
   476    929    691    117
   476    919    624    120
   476    911    561    122
   476    905    506    124
   476    914    469    126
   495    947    742    239
   495    912    680    274
   495    879    619    308
   504    708    418    197
   504    668    377    217
   504    622    339    241
   504    567    298    270
   504    534    268    287
   504    506    237    301
   504    476    182    314
   505    899    607    157
   505    872    519    142
   505    856    440    127
   505    843    377    116
   506    824    387    147
   506    827    430    150
   506    824    465    154
   506    829    490    155
   506    840    524    155
   512    859    550    289
   512    939    604    283
   512   1002    652    275
   512   1051    691    268
   512   1086    724    260
   513   1067    602    231
   513   1121    745    219
