     1   1189    700     90
     1   1197    691     90
     1   1227    654     91
     1   1243    633     91
     1   1263    608     92
     2   1187    733     93
     2   1183    714     90
     2   1181    703     87
     2   1178    687     84
     2   1174    660     81
     3   1418    602     93
     3   1398    617     92
     3   1380    629     92
     3   1372    639     92
     3   1357    651     91
     3   1340    666     91
     3   1324    677     91
     3   1310    689     91
     3   1301    697     90
     3   1285    714     90
     3   1271    728     90
     3   1259    745     94
     3   1250    756     94
     3   1240    774     94
     3   1235    787     94
     4   1431    623     97
     4   1434    640     96
     4   1439    661     98
