    45     1   1198   1104    125
    45     1   1196   1103    125
    45     1   1193   1101    125
    45     1   1200   1106    125
    45     1   1203   1109    125
    45     1   1208   1112    125
    45     1   1212   1113    125
    45     1   1217   1114    125
    45     1   1219   1115    125
    45     1   1222   1115    125
    45     1   1227   1116    125
    45     1   1232   1117    125
    45     1   1236   1118    125
    45     1   1240   1120    125
    45     1   1244   1121    125
    45     1   1250   1122    125
    45     1   1257   1123    125
    45     1   1262   1123    125
    45     1   1264   1123    125
    45     1   1267   1122    125
    45     1   1270   1121    125
    45     1   1276   1118    125
    45     1   1280   1116    125
    45     1   1283   1114    125
    45     1   1287   1111    125
    45     1   1290   1108    125
    45     1   1293   1105    125
    45     1   1295   1105    125
    45     1   1298   1105    125
    45     1   1301   1104    125
    45     1   1304   1102    125
    45     1   1310   1097    125
    45     1   1312   1094    125
    45     1   1315   1090    125
    45     1   1316   1087    125
    45     1   1320   1081    125
    45     1   1322   1076    125
    45     1   1322   1074    125
    45     1   1322   1070    125
    45     1   1322   1065    125
    45     1   1323   1060    125
    45     1   1324   1055    125
    45     1   1324   1051    125
    45     1   1325   1044    125
    45     1   1326   1037    125
    45     1   1328   1031    125
    45     1   1328   1028    125
    45     1   1329   1025    125
    45     1   1328   1019    125
    45     1   1329   1014    125
    45     1   1328   1010    125
    45     1   1328   1006    125
    45     1   1327   1002    125
    45     1   1326   1000    125
    45     1   1325    997    125
    45     1   1322    992    125
    45     1   1320    984    125
    45     1   1319    982    125
    45     1   1316    977    125
    45     1   1315    974    125
    45     1   1314    971    125
    45     1   1310    965    125
    45     1   1307    960    125
    45     1   1304    955    125
    45     1   1302    952    125
    45     1   1298    946    125
    45     1   1297    944    125
    45     1   1294    940    125
    45     1   1291    937    125
    45     1   1289    933    125
    45     1   1286    930    125
    45     1   1285    927    125
    45     1   1280    921    125
    45     1   1275    915    125
    45     1   1272    912    125
    45     1   1268    910    125
    45     1   1264    907    125
    45     1   1260    906    125
    45     1   1257    906    125
    45     1   1252    906    125
    45     1   1248    906    125
    45     1   1243    906    125
    45     1   1240    907    125
    45     1   1234    910    125
    45     1   1231    912    125
    45     1   1227    915    125
    45     1   1223    917    125
    45     1   1220    920    125
    45     1   1217    924    125
    45     1   1213    928    125
    45     1   1208    933    125
    45     1   1205    936    125
    45     1   1203    938    125
    45     1   1198    942    125
    45     1   1196    945    125
    45     1   1194    949    125
    45     1   1192    952    125
    45     1   1191    955    125
    45     1   1190    957    125
    45     1   1190    960    125
    45     1   1189    966    125
    45     1   1188    970    125
    45     1   1187    974    125
    45     1   1186    978    125
    45     1   1184    984    125
    45     1   1184    987    125
    45     1   1183    990    125
    45     1   1182    995    125
    45     1   1181   1001    125
    45     1   1179   1005    125
    45     1   1178   1009    125
    45     1   1177   1012    125
    45     1   1176   1017    125
    45     1   1175   1021    125
    45     1   1174   1026    125
    45     1   1174   1030    125
    45     1   1174   1038    125
    45     1   1174   1043    125
    45     1   1173   1046    125
    45     1   1173   1048    125
    45     1   1173   1054    125
    45     1   1173   1059    125
    45     1   1173   1063    125
    45     1   1173   1068    125
    45     1   1173   1074    125
    45     1   1174   1077    125
    45     1   1178   1082    125
    45     1   1181   1086    125
    45     1   1183   1091    125
    45     1   1185   1093    125
    45     1   1188   1097    125
    45     1   1191   1100    125
    45     2   1186   1094    129
    45     2   1185   1094    129
    45     2   1181   1092    129
    45     2   1177   1090    129
    45     2   1178   1090    129
    45     2   1182   1092    129
    45     2   1185   1095    129
    45     2   1189   1097    129
    45     2   1193   1100    129
    45     2   1195   1102    129
    45     2   1197   1104    129
    45     2   1202   1108    129
    45     2   1207   1112    129
    45     2   1212   1114    129
    45     2   1217   1116    129
    45     2   1222   1118    129
    45     2   1226   1120    129
    45     2   1231   1123    129
    45     2   1234   1124    129
    45     2   1238   1125    129
    45     2   1242   1126    129
    45     2   1248   1126    129
    45     2   1253   1126    129
    45     2   1258   1127    129
    45     2   1262   1126    129
    45     2   1269   1124    129
    45     2   1274   1122    129
    45     2   1278   1121    129
    45     2   1284   1117    129
    45     2   1288   1115    129
    45     2   1292   1113    129
    45     2   1295   1109    129
    45     2   1301   1104    129
    45     2   1304   1102    129
    45     2   1306   1098    129
    45     2   1309   1094    129
    45     2   1314   1087    129
    45     2   1316   1082    129
    45     2   1319   1077    129
    45     2   1321   1073    129
    45     2   1322   1069    129
    45     2   1324   1064    129
    45     2   1325   1058    129
    45     2   1327   1052    129
    45     2   1327   1048    129
    45     2   1327   1042    129
    45     2   1328   1040    129
    45     2   1328   1034    129
    45     2   1329   1029    129
    45     2   1329   1024    129
    45     2   1329   1022    129
    45     2   1329   1017    129
    45     2   1329   1012    129
    45     2   1329   1006    129
    45     2   1329   1002    129
    45     2   1330    998    129
    45     2   1330    993    129
    45     2   1330    989    129
    45     2   1331    984    129
    45     2   1331    979    129
    45     2   1331    974    129
    45     2   1331    969    129
    45     2   1331    965    129
    45     2   1331    961    129
    45     2   1332    959    129
    45     2   1331    956    129
    45     2   1331    953    129
    45     2   1329    946    129
    45     2   1327    942    129
    45     2   1325    938    129
    45     2   1323    932    129
    45     2   1321    927    129
    45     2   1318    921    129
    45     2   1317    919    129
    45     2   1315    916    129
    45     2   1311    911    129
    45     2   1308    908    129
    45     2   1302    903    129
    45     2   1300    902    129
    45     2   1298    900    129
    45     2   1295    898    129
    45     2   1288    894    129
    45     2   1286    893    129
    45     2   1284    891    129
    45     2   1278    889    129
    45     2   1271    887    129
    45     2   1264    884    129
    45     2   1261    884    129
    45     2   1258    883    129
    45     2   1255    884    129
    45     2   1249    885    129
    45     2   1244    886    129
    45     2   1239    887    129
    45     2   1235    889    129
    45     2   1232    891    129
    45     2   1228    894    129
    45     2   1225    895    129
    45     2   1223    897    129
    45     2   1220    899    129
    45     2   1214    904    129
    45     2   1208    908    129
    45     2   1206    910    129
    45     2   1201    913    129
    45     2   1197    916    129
    45     2   1193    920    129
    45     2   1191    921    129
    45     2   1189    923    129
    45     2   1185    928    129
    45     2   1181    933    129
    45     2   1177    937    129
    45     2   1174    942    129
    45     2   1170    946    129
    45     2   1169    949    129
    45     2   1166    953    129
    45     2   1164    958    129
    45     2   1161    962    129
    45     2   1160    967    129
    45     2   1158    973    129
    45     2   1157    978    129
    45     2   1154    986    129
    45     2   1153    989    129
    45     2   1153    993    129
    45     2   1152    997    129
    45     2   1151   1001    129
    45     2   1150   1005    129
    45     2   1150   1010    129
    45     2   1150   1014    129
    45     2   1150   1019    129
    45     2   1150   1025    129
    45     2   1149   1030    129
    45     2   1150   1033    129
    45     2   1150   1036    129
    45     2   1151   1038    129
    45     2   1152   1044    129
    45     2   1156   1051    129
    45     2   1158   1057    129
    45     2   1161   1062    129
    45     2   1163   1067    129
    45     2   1165   1071    129
    45     2   1166   1075    129
    45     2   1167   1078    129
    45     2   1169   1081    129
    45     2   1174   1086    129
    45     2   1177   1089    129
    45     2   1182   1092    129
    45     3   1153   1121    133
    45     3   1151   1120    133
    45     3   1152   1121    133
    45     3   1157   1127    133
    45     3   1159   1131    133
    45     3   1162   1137    133
    45     3   1165   1144    133
    45     3   1167   1149    133
    45     3   1169   1154    133
    45     3   1173   1160    133
    45     3   1176   1164    133
    45     3   1180   1168    133
    45     3   1182   1170    133
    45     3   1185   1171    133
    45     3   1189   1173    133
    45     3   1193   1174    133
    45     3   1197   1175    133
    45     3   1201   1175    133
    45     3   1206   1177    133
    45     3   1211   1178    133
    45     3   1214   1180    133
    45     3   1217   1181    133
    45     3   1221   1181    133
    45     3   1228   1181    133
    45     3   1233   1179    133
    45     3   1237   1174    133
    45     3   1239   1171    133
    45     3   1242   1170    133
    45     3   1245   1167    133
    45     3   1249   1166    133
    45     3   1252   1166    133
    45     3   1254   1165    133
    45     3   1258   1166    133
    45     3   1262   1167    133
    45     3   1266   1169    133
    45     3   1270   1171    133
    45     3   1275   1169    133
    45     3   1279   1168    133
    45     3   1284   1166    133
    45     3   1288   1164    133
    45     3   1293   1162    133
    45     3   1298   1158    133
    45     3   1302   1157    133
    45     3   1305   1154    133
    45     3   1309   1152    133
    45     3   1313   1150    133
    45     3   1317   1145    133
    45     3   1321   1141    133
    45     3   1323   1139    133
    45     3   1324   1136    133
    45     3   1327   1130    133
    45     3   1329   1124    133
    45     3   1330   1122    133
    45     3   1332   1114    133
    45     3   1332   1112    133
    45     3   1334   1107    133
    45     3   1334   1102    133
    45     3   1335   1098    133
    45     3   1337   1091    133
    45     3   1337   1088    133
    45     3   1338   1083    133
    45     3   1339   1077    133
    45     3   1339   1073    133
    45     3   1340   1067    133
    45     3   1341   1061    133
    45     3   1342   1057    133
    45     3   1343   1053    133
    45     3   1343   1049    133
    45     3   1344   1042    133
    45     3   1344   1037    133
    45     3   1345   1031    133
    45     3   1345   1028    133
    45     3   1346   1022    133
    45     3   1347   1019    133
    45     3   1347   1014    133
    45     3   1346   1011    133
    45     3   1346   1006    133
    45     3   1346   1001    133
    45     3   1346    995    133
    45     3   1346    990    133
    45     3   1346    987    133
    45     3   1345    981    133
    45     3   1345    976    133
    45     3   1345    971    133
    45     3   1345    966    133
    45     3   1344    960    133
    45     3   1344    957    133
    45     3   1343    955    133
    45     3   1342    949    133
    45     3   1341    944    133
    45     3   1339    939    133
    45     3   1338    935    133
    45     3   1336    928    133
    45     3   1335    925    133
    45     3   1332    919    133
    45     3   1329    911    133
    45     3   1327    908    133
    45     3   1324    903    133
    45     3   1323    901    133
    45     3   1318    895    133
    45     3   1316    893    133
    45     3   1314    891    133
    45     3   1308    887    133
    45     3   1301    882    133
    45     3   1297    881    133
    45     3   1291    878    133
    45     3   1288    877    133
    45     3   1285    877    133
    45     3   1277    875    133
    45     3   1271    873    133
    45     3   1263    872    133
    45     3   1259    872    133
    45     3   1253    872    133
    45     3   1250    872    133
    45     3   1244    873    133
    45     3   1242    873    133
    45     3   1239    874    133
    45     3   1233    875    133
    45     3   1225    876    133
    45     3   1223    876    133
    45     3   1220    877    133
    45     3   1214    878    133
    45     3   1211    878    133
    45     3   1208    879    133
    45     3   1204    880    133
    45     3   1200    882    133
    45     3   1196    883    133
    45     3   1192    884    133
    45     3   1185    884    133
    45     3   1181    885    133
    45     3   1178    886    133
    45     3   1173    889    133
    45     3   1168    892    133
    45     3   1166    893    133
    45     3   1160    897    133
    45     3   1158    899    133
    45     3   1156    901    133
    45     3   1154    904    133
    45     3   1152    906    133
    45     3   1148    911    133
    45     3   1145    915    133
    45     3   1144    918    133
    45     3   1140    923    133
    45     3   1137    927    133
    45     3   1134    931    133
    45     3   1133    934    133
    45     3   1130    937    133
    45     3   1127    940    133
    45     3   1124    942    133
    45     3   1120    945    133
    45     3   1117    949    133
    45     3   1113    953    133
    45     3   1109    957    133
    45     3   1107    960    133
    45     3   1105    963    133
    45     3   1104    967    133
    45     3   1104    970    133
    45     3   1104    977    133
    45     3   1105    980    133
    45     3   1105    983    133
    45     3   1107    985    133
    45     3   1107    990    133
    45     3   1107    995    133
    45     3   1108    999    133
    45     3   1110   1003    133
    45     3   1113   1010    133
    45     3   1114   1015    133
    45     3   1116   1019    133
    45     3   1121   1025    133
    45     3   1126   1028    133
    45     3   1127   1034    133
    45     3   1127   1038    133
    45     3   1127   1045    133
    45     3   1127   1050    133
    45     3   1127   1055    133
    45     3   1127   1059    133
    45     3   1127   1064    133
    45     3   1129   1070    133
    45     3   1130   1074    133
    45     3   1131   1078    133
    45     3   1132   1081    133
    45     3   1134   1086    133
    45     3   1135   1090    133
    45     3   1137   1096    133
    45     3   1139   1100    133
    45     3   1140   1104    133
    45     3   1143   1111    133
    45     3   1147   1117    133
    45     4   1144   1158    137
    45     4   1144   1158    137
    45     4   1145   1158    137
    45     4   1152   1163    137
    45     4   1155   1166    137
    45     4   1160   1168    137
    45     4   1164   1170    137
    45     4   1169   1171    137
    45     4   1174   1172    137
    45     4   1179   1174    137
    45     4   1185   1175    137
    45     4   1188   1175    137
    45     4   1196   1176    137
    45     4   1202   1177    137
    45     4   1205   1176    137
    45     4   1208   1176    137
    45     4   1216   1174    137
    45     4   1220   1172    137
    45     4   1223   1171    137
    45     4   1225   1169    137
    45     4   1230   1166    137
    45     4   1238   1165    137
    45     4   1243   1163    137
    45     4   1247   1162    137
    45     4   1251   1161    137
    45     4   1255   1159    137
    45     4   1260   1157    137
    45     4   1265   1155    137
    45     4   1273   1153    137
    45     4   1277   1153    137
    45     4   1280   1151    137
    45     4   1285   1149    137
    45     4   1289   1146    137
    45     4   1295   1142    137
    45     4   1301   1138    137
    45     4   1305   1134    137
    45     4   1307   1131    137
    45     4   1309   1128    137
    45     4   1311   1124    137
    45     4   1312   1120    137
    45     4   1314   1118    137
    45     4   1315   1112    137
    45     4   1318   1107    137
    45     4   1321   1100    137
    45     4   1323   1093    137
    45     4   1325   1090    137
    45     4   1327   1084    137
    45     4   1328   1078    137
    45     4   1329   1076    137
    45     4   1330   1073    137
    45     4   1332   1068    137
    45     4   1333   1063    137
    45     4   1334   1060    137
    45     4   1335   1053    137
    45     4   1335   1048    137
    45     4   1336   1043    137
    45     4   1337   1039    137
    45     4   1338   1035    137
    45     4   1338   1030    137
    45     4   1338   1027    137
    45     4   1338   1020    137
    45     4   1339   1017    137
    45     4   1338   1014    137
    45     4   1337   1008    137
    45     4   1337   1003    137
    45     4   1337   1001    137
    45     4   1337    995    137
    45     4   1336    991    137
    45     4   1335    987    137
    45     4   1335    984    137
    45     4   1333    978    137
    45     4   1333    974    137
    45     4   1331    968    137
    45     4   1331    965    137
    45     4   1330    961    137
    45     4   1328    957    137
    45     4   1329    954    137
    45     4   1328    951    137
    45     4   1328    948    137
    45     4   1328    942    137
    45     4   1328    938    137
    45     4   1328    933    137
    45     4   1328    928    137
    45     4   1327    924    137
    45     4   1327    919    137
    45     4   1326    916    137
    45     4   1324    909    137
    45     4   1323    906    137
    45     4   1321    900    137
    45     4   1319    895    137
    45     4   1315    889    137
    45     4   1312    886    137
    45     4   1307    880    137
    45     4   1303    878    137
    45     4   1299    875    137
    45     4   1297    874    137
    45     4   1294    873    137
    45     4   1291    873    137
    45     4   1286    872    137
    45     4   1283    871    137
    45     4   1276    872    137
    45     4   1271    870    137
    45     4   1267    868    137
    45     4   1262    867    137
    45     4   1260    866    137
    45     4   1255    865    137
    45     4   1250    864    137
    45     4   1247    864    137
    45     4   1242    864    137
    45     4   1238    864    137
    45     4   1235    864    137
    45     4   1232    864    137
    45     4   1227    867    137
    45     4   1223    867    137
    45     4   1220    868    137
    45     4   1213    871    137
    45     4   1209    874    137
    45     4   1204    877    137
    45     4   1199    881    137
    45     4   1195    884    137
    45     4   1192    886    137
    45     4   1190    887    137
    45     4   1186    890    137
    45     4   1182    893    137
    45     4   1178    895    137
    45     4   1175    898    137
    45     4   1172    900    137
    45     4   1168    901    137
    45     4   1162    906    137
    45     4   1159    907    137
    45     4   1157    909    137
    45     4   1154    911    137
    45     4   1151    914    137
    45     4   1149    918    137
    45     4   1147    920    137
    45     4   1143    924    137
    45     4   1140    928    137
    45     4   1138    930    137
    45     4   1137    932    137
    45     4   1133    937    137
    45     4   1130    941    137
    45     4   1127    944    137
    45     4   1125    946    137
    45     4   1123    948    137
    45     4   1119    954    137
    45     4   1117    956    137
    45     4   1115    959    137
    45     4   1113    962    137
    45     4   1112    966    137
    45     4   1111    968    137
    45     4   1110    971    137
    45     4   1110    975    137
    45     4   1109    982    137
    45     4   1109    987    137
    45     4   1109    993    137
    45     4   1108    995    137
    45     4   1107    998    137
    45     4   1106   1005    137
    45     4   1105   1007    137
    45     4   1105   1010    137
    45     4   1104   1015    137
    45     4   1104   1020    137
    45     4   1104   1027    137
    45     4   1104   1035    137
    45     4   1104   1043    137
    45     4   1104   1046    137
    45     4   1104   1053    137
    45     4   1105   1057    137
    45     4   1106   1062    137
    45     4   1105   1065    137
    45     4   1106   1072    137
    45     4   1107   1075    137
    45     4   1108   1081    137
    45     4   1108   1085    137
    45     4   1110   1089    137
    45     4   1112   1094    137
    45     4   1115   1101    137
    45     4   1117   1106    137
    45     4   1117   1109    137
    45     4   1119   1116    137
    45     4   1121   1121    137
    45     4   1123   1126    137
    45     4   1125   1130    137
    45     4   1128   1137    137
    45     4   1132   1143    137
    45     4   1136   1149    137
    45     4   1138   1152    137
    45     4   1140   1154    137
    45     4   1142   1157    137
    45     5   1085   1037    141
    45     5   1086   1040    141
    45     5   1086   1042    141
    45     5   1087   1045    141
    45     5   1087   1048    141
    45     5   1088   1052    141
    45     5   1088   1056    141
    45     5   1089   1059    141
    45     5   1089   1062    141
    45     5   1089   1064    141
    45     5   1090   1068    141
    45     5   1090   1071    141
    45     5   1091   1074    141
    45     5   1092   1078    141
    45     5   1094   1082    141
    45     5   1095   1085    141
    45     5   1096   1089    141
    45     5   1097   1092    141
    45     5   1099   1096    141
    45     5   1100   1100    141
    45     5   1102   1104    141
    45     5   1105   1108    141
    45     5   1108   1112    141
    45     5   1110   1115    141
    45     5   1113   1119    141
    45     5   1115   1122    141
    45     5   1117   1125    141
    45     5   1120   1128    141
    45     5   1123   1131    141
    45     5   1126   1134    141
    45     5   1128   1138    141
    45     5   1130   1141    141
    45     5   1132   1145    141
    45     5   1134   1148    141
    45     5   1137   1151    141
    45     5   1141   1154    141
    45     5   1144   1156    141
    45     5   1147   1158    141
    45     5   1150   1160    141
    45     5   1153   1162    141
    45     5   1155   1164    141
    45     5   1158   1166    141
    45     5   1160   1168    141
    45     5   1162   1170    141
    45     5   1164   1172    141
    45     5   1167   1174    141
    45     5   1169   1176    141
    45     5   1172   1178    141
    45     5   1175   1181    141
    45     5   1178   1184    141
    45     5   1181   1186    141
    45     5   1183   1187    141
    45     5   1186   1189    141
    45     5   1189   1190    141
    45     5   1192   1191    141
    45     5   1194   1192    141
    45     5   1197   1193    141
    45     5   1199   1194    141
    45     5   1202   1196    141
    45     5   1205   1197    141
    45     5   1208   1198    141
    45     5   1212   1198    141
    45     5   1215   1199    141
    45     5   1219   1200    141
    45     5   1222   1200    141
    45     5   1225   1201    141
    45     5   1228   1201    141
    45     5   1230   1202    141
    45     5   1233   1203    141
    45     5   1236   1204    141
    45     5   1239   1205    141
    45     5   1242   1206    141
    45     5   1245   1206    141
    45     5   1247   1207    141
    45     5   1250   1208    141
    45     5   1253   1208    141
    45     5   1257   1209    141
    45     5   1260   1210    141
    45     5   1264   1211    141
    45     5   1267   1211    141
    45     5   1270   1211    141
    45     5   1273   1211    141
    45     5   1276   1210    141
    45     5   1279   1209    141
    45     5   1282   1207    141
    45     5   1285   1205    141
    45     5   1288   1203    141
    45     5   1290   1200    141
    45     5   1292   1198    141
    45     5   1294   1195    141
    45     5   1296   1192    141
    45     5   1298   1190    141
    45     5   1299   1187    141
    45     5   1301   1185    141
    45     5   1303   1182    141
    45     5   1305   1179    141
    45     5   1307   1176    141
    45     5   1309   1173    141
    45     5   1311   1170    141
    45     5   1313   1168    141
    45     5   1315   1166    141
    45     5   1317   1165    141
    45     5   1319   1163    141
    45     5   1322   1161    141
    45     5   1324   1158    141
    45     5   1326   1156    141
    45     5   1328   1153    141
    45     5   1329   1151    141
    45     5   1330   1148    141
    45     5   1331   1146    141
    45     5   1332   1144    141
    45     5   1332   1142    141
    45     5   1333   1140    141
    45     5   1333   1138    141
    45     5   1333   1135    141
    45     5   1334   1132    141
    45     5   1334   1128    141
    45     5   1335   1124    141
    45     5   1337   1120    141
    45     5   1338   1117    141
    45     5   1338   1114    141
    45     5   1339   1111    141
    45     5   1340   1108    141
    45     5   1340   1105    141
    45     5   1340   1103    141
    45     5   1341   1099    141
    45     5   1341   1095    141
    45     5   1342   1091    141
    45     5   1342   1086    141
    45     5   1342   1082    141
    45     5   1342   1078    141
    45     5   1342   1074    141
    45     5   1341   1070    141
    45     5   1339   1066    141
    45     5   1337   1063    141
    45     5   1335   1061    141
    45     5   1334   1058    141
    45     5   1332   1056    141
    45     5   1331   1054    141
    45     5   1330   1051    141
    45     5   1330   1048    141
    45     5   1330   1045    141
    45     5   1330   1041    141
    45     5   1330   1039    141
    45     5   1330   1035    141
    45     5   1330   1033    141
    45     5   1330   1030    141
    45     5   1330   1027    141
    45     5   1330   1024    141
    45     5   1330   1020    141
    45     5   1331   1017    141
    45     5   1331   1014    141
    45     5   1331   1011    141
    45     5   1331   1008    141
    45     5   1332   1005    141
    45     5   1332   1002    141
    45     5   1332    999    141
    45     5   1332    996    141
    45     5   1332    993    141
    45     5   1332    990    141
    45     5   1332    987    141
    45     5   1333    984    141
    45     5   1333    982    141
    45     5   1333    979    141
    45     5   1333    976    141
    45     5   1333    973    141
    45     5   1333    970    141
    45     5   1334    967    141
    45     5   1334    963    141
    45     5   1335    959    141
    45     5   1335    956    141
    45     5   1335    953    141
    45     5   1335    949    141
    45     5   1335    945    141
    45     5   1335    942    141
    45     5   1335    939    141
    45     5   1334    935    141
    45     5   1334    931    141
    45     5   1332    927    141
    45     5   1331    923    141
    45     5   1329    920    141
    45     5   1326    918    141
    45     5   1323    915    141
    45     5   1321    914    141
    45     5   1318    912    141
    45     5   1316    911    141
    45     5   1313    909    141
    45     5   1311    906    141
    45     5   1308    904    141
    45     5   1306    902    141
    45     5   1304    900    141
    45     5   1302    898    141
    45     5   1300    896    141
    45     5   1298    895    141
    45     5   1295    894    141
    45     5   1292    892    141
    45     5   1289    891    141
    45     5   1286    890    141
    45     5   1282    889    141
    45     5   1278    887    141
    45     5   1275    885    141
    45     5   1273    882    141
    45     5   1270    880    141
    45     5   1268    878    141
    45     5   1265    877    141
    45     5   1263    876    141
    45     5   1261    875    141
    45     5   1258    875    141
    45     5   1255    874    141
    45     5   1252    874    141
    45     5   1249    873    141
    45     5   1245    873    141
    45     5   1242    873    141
    45     5   1239    873    141
    45     5   1235    873    141
    45     5   1231    874    141
    45     5   1227    874    141
    45     5   1223    875    141
    45     5   1219    875    141
    45     5   1216    876    141
    45     5   1214    876    141
    45     5   1211    877    141
    45     5   1209    878    141
    45     5   1206    879    141
    45     5   1203    880    141
    45     5   1200    881    141
    45     5   1197    883    141
    45     5   1194    885    141
    45     5   1191    887    141
    45     5   1188    888    141
    45     5   1186    890    141
    45     5   1183    891    141
    45     5   1180    893    141
    45     5   1176    894    141
    45     5   1173    896    141
    45     5   1170    897    141
    45     5   1167    898    141
    45     5   1164    900    141
    45     5   1161    901    141
    45     5   1158    903    141
    45     5   1155    905    141
    45     5   1153    907    141
    45     5   1150    909    141
    45     5   1147    910    141
    45     5   1144    912    141
    45     5   1141    914    141
    45     5   1138    916    141
    45     5   1135    918    141
    45     5   1132    920    141
    45     5   1130    923    141
    45     5   1128    926    141
    45     5   1126    929    141
    45     5   1125    932    141
    45     5   1123    935    141
    45     5   1122    937    141
    45     5   1120    940    141
    45     5   1118    944    141
    45     5   1116    947    141
    45     5   1114    951    141
    45     5   1111    954    141
    45     5   1109    958    141
    45     5   1106    961    141
    45     5   1105    964    141
    45     5   1103    966    141
    45     5   1101    968    141
    45     5   1100    971    141
    45     5   1099    973    141
    45     5   1097    976    141
    45     5   1095    979    141
    45     5   1094    981    141
    45     5   1093    984    141
    45     5   1091    987    141
    45     5   1090    990    141
    45     5   1089    993    141
    45     5   1088    996    141
    45     5   1087    998    141
    45     5   1086   1002    141
    45     5   1086   1005    141
    45     5   1085   1009    141
    45     5   1084   1013    141
    45     5   1084   1016    141
    45     5   1083   1019    141
    45     5   1083   1022    141
    45     5   1082   1025    141
    45     5   1082   1028    141
    45     5   1083   1032    141
    45     5   1084   1035    141
    45     6   1283   1073    123
    45     6   1287   1067    123
    45     6   1288   1061    123
    45     6   1289   1054    123
    45     6   1290   1049    123
    45     6   1292   1044    123
    45     6   1294   1039    123
    45     6   1296   1037    123
    45     6   1298   1032    123
    45     6   1299   1028    123
    45     6   1300   1025    123
    45     6   1300   1022    123
    45     6   1300   1018    123
    45     6   1300   1014    123
    45     6   1301   1010    123
    45     6   1301   1006    123
    45     6   1300   1003    123
    45     6   1300    999    123
    45     6   1300    995    123
    45     6   1299    991    123
    45     6   1299    989    123
    45     6   1298    986    123
    45     6   1297    983    123
    45     6   1296    979    123
    45     6   1295    975    123
    45     6   1295    971    123
    45     6   1294    968    123
    45     6   1293    964    123
    45     6   1292    960    123
    45     6   1292    957    123
    45     6   1291    954    123
    45     6   1290    951    123
    45     6   1290    947    123
    45     6   1289    944    123
    45     6   1288    942    123
    45     6   1287    940    123
    45     6   1287    937    123
    45     6   1286    934    123
    45     6   1285    932    123
    45     6   1285    929    123
    45     6   1284    927    123
    45     6   1283    924    123
    45     6   1282    921    123
    45     6   1280    917    123
    45     6   1277    914    123
    45     6   1275    912    123
    45     6   1273    910    123
    45     6   1271    908    123
    45     6   1268    906    123
    45     6   1265    905    123
    45     6   1261    903    123
    45     6   1257    902    123
    45     6   1253    900    123
    45     6   1249    900    123
    45     6   1246    899    123
    45     6   1244    899    123
    45     6   1241    899    123
    45     6   1238    900    123
    45     6   1235    901    123
    45     6   1232    902    123
    45     6   1229    903    123
    45     6   1227    905    123
    45     6   1224    907    123
    45     6   1221    909    123
    45     6   1219    912    123
    45     6   1217    914    123
    45     6   1216    917    123
    45     6   1215    920    123
    45     6   1214    923    123
    45     6   1213    926    123
    45     6   1212    930    123
    45     6   1210    933    123
    45     6   1209    936    123
    45     6   1208    939    123
    45     6   1208    942    123
    45     6   1207    944    123
    45     6   1207    947    123
    45     6   1207    950    123
    45     6   1207    953    123
    45     6   1206    955    123
    45     6   1206    958    123
    45     6   1206    961    123
    45     6   1206    964    123
    45     6   1206    968    123
    45     6   1206    972    123
    45     6   1206    977    123
    45     6   1205    981    123
    45     6   1205    985    123
    45     6   1204    989    123
    45     6   1203    992    123
    45     6   1202    996    123
    45     6   1202   1000    123
    45     6   1202   1005    123
    45     6   1201   1008    123
    45     6   1201   1013    123
    45     6   1200   1017    123
    45     6   1199   1021    123
    45     6   1198   1023    123
    45     6   1197   1026    123
    45     6   1196   1030    123
    45     6   1196   1034    123
    45     6   1196   1038    123
    45     6   1197   1041    123
    45     6   1197   1044    123
    45     6   1197   1048    123
    45     6   1196   1051    123
    45     6   1196   1056    123
    45     6   1195   1060    123
    45     6   1194   1064    123
    45     6   1194   1069    123
    45     6   1194   1074    123
    45     6   1196   1078    123
    45     6   1198   1082    123
    45     6   1201   1086    123
    45     6   1205   1089    123
    45     6   1209   1091    123
    45     6   1213   1092    123
    45     6   1218   1093    123
    45     6   1222   1094    123
    45     6   1225   1094    123
    45     6   1228   1095    123
    45     6   1230   1095    123
    45     6   1233   1094    123
    45     6   1236   1094    123
    45     6   1239   1093    123
    45     6   1243   1093    123
    45     6   1246   1092    123
    45     6   1250   1090    123
    45     6   1253   1089    123
    45     6   1256   1088    123
    45     6   1259   1087    123
    45     6   1262   1086    123
    45     6   1265   1084    123
    45     6   1268   1083    123
    45     6   1272   1081    123
    45     6   1275   1079    123
    45     6   1278   1077    123
    45     6   1281   1075    123
