     1   1331   1251     83
     1   1326   1195     85
     1   1321   1088    100
     1   1318   1065    101
     1   1320   1032    102
     1   1315    991     94
     1   1306    948     95
     1   1282    894     99
     2   1281    958     82
     2   1279    972     84
     2   1278    982     86
     2   1278    995     87
     2   1280   1011     90
     2   1287   1065     89
     2   1291   1079     91
     2   1293   1096     86
     8   1359   1146    139
     8   1358   1126    137
     8   1356   1110    135
     8   1359   1058    138
     8   1360   1013    132
     8   1363    976    127
     8   1365    950    124
     8   1367    896    118
     8   1364    826    112
     8   1358    784    115
     8   1361    767    112
     8   1361    767    112
     8   1356    734    108
     8   1348    696    107
     8   1344    677    105
    11   1453   1231    131
    11   1445   1210    130
    11   1436   1185    128
    11   1428   1169    126
    11   1416   1145    125
    11   1412   1130    123
    11   1394   1086    120
    11   1375   1037    116
    11   1364   1012    114
    11   1355    985    112
    11   1336    923    102
    12   1241   1011     93
    12   1229   1008     94
    12   1207    995     90
    12   1149    956     85
    12   1130    942     87
    12   1109    930     88
    12   1095    921     85
    12   1084    911     86
    12   1068    899     87
    12   1058    888     88
    12   1049    873     89
    12   1042    858     90
    12   1034    834     92
    12   1016    791    104
    12    999    741     98
    12    994    726     97
    12    989    719     98
    13   1157    838     94
    13   1169    850     95
    13   1180    866     95
    13   1186    882     95
    13   1193    893     95
    13   1202    916     95
    13   1207    939     95
    13   1209    957     95
    13   1211    984     95
    13   1213   1045     95
    13   1215   1071     95
    13   1221   1115     91
    13   1224   1139     91
    13   1228   1160     94
    13   1235   1179     94
    13   1239   1199     94
    13   1242   1220     94
    13   1250   1238     94
    13   1255   1251     94
    13   1261   1266     94
    13   1263   1275     94
    13   1266   1291     94
    13   1268   1308     94
    15   1377   1112    100
    15   1367   1095    102
    15   1357   1076    104
    15   1344   1051    107
    15   1333   1029    110
    15   1323   1004    112
    15   1315    982    115
    15   1311    968    116
    16   1100    781    109
    16   1105    802    110
    16   1112    829    110
    16   1122    868    111
    16   1126    882    111
    16   1130    906    112
    16   1131    918    112
    16   1133    932    112
    16   1134    952    113
    16   1132    970    113
    16   1128    992    113
    16   1121   1029    122
    17   1120    723    117
    17   1133    758    116
    17   1141    787    115
    17   1144    802    119
    17   1149    819    118
    17   1157    852    116
    17   1164    873    115
    17   1172    905    112
    22   1099    913     97
    22   1105    932     97
    22   1110    961     97
    22   1111    972     97
    22   1114    989     97
    22   1116   1021     97
    22   1118   1052     98
    22   1119   1070     98
    22   1121   1082     98
    22   1127   1113     98
    22   1130   1131     97
    22   1134   1155     97
    22   1140   1173     99
    23   1155   1214     99
    23   1161   1231     99
    23   1171   1256    101
    23   1181   1274    101
    23   1185   1285    101
    23   1189   1301    102
    23   1195   1316    102
    23   1203   1331    102
    23   1217   1352    102
    25   1243   1211    120
    26   1380   1351    115
    26   1389   1360    114
    26   1406   1379    112
    26   1422   1397    112
    27   1431   1406    110
    27   1443   1420    110
    27   1452   1433    110
    31   1060   1208    165
    31   1049   1218    166
    31   1036   1233    173
    31   1023   1244    174
    31   1012   1256    181
    31   1001   1265    181
    31    985   1275    182
    36   1338    970    113
    36   1321    937    113
    36   1310    917    112
    36   1299    896    112
    38   1259    819    108
    38   1255    807    107
    38   1246    788    107
    38   1231    759    107
    38   1223    745    107
    38   1212    728    107
    38   1198    696    105
    39   1082   1320    137
    39   1093   1301    141
    39   1100   1290    144
    39   1108   1276    147
    39   1122   1250    153
    39   1130   1237    156
    39   1139   1221    160
    40   1353   1278    128
    40   1326   1229    122
    40   1315   1212    123
    40   1303   1193    118
    41   1358   1287    133
    41   1367   1305    132
    41   1378   1333    131
    41   1389   1362    130
    41   1403   1398    128
    41   1414   1431    127
    42   1330    908    113
    42   1322    893    113
    42   1312    865    113
    42   1305    838    113
    42   1278    750    109
    43   1279    735    109
    43   1264    688    109
    43   1257    665    109
    43   1251    643    109
    43   1245    622    109
    43   1239    604    109
    46   1097    943    119
    46   1096    925    119
    46   1094    896    118
    46   1091    881    118
    46   1093    868    118
    46   1092    849    117
    46   1092    828    117
    46   1090    811    117
    46   1090    789    116
    46   1085    773    116
    46   1079    755    116
    46   1077    740    116
    46   1072    711    118
    46   1064    690    118
    46   1048    625    127
    46   1041    599    126
    47   1486   1078    143
    47   1548   1120    143
    47   1575   1139    144
    47   1596   1154    144
    49   1173    761    122
    49   1170    749    123
    49   1150    709    127
    49   1121    637    139
    52   1373    880     88
    52   1402    891     90
    52   1430    898     91
    52   1446    904     92
    52   1467    914     93
    52   1496    926     94
    52   1529    940     96
    52   1541    946     97
    52   1556    953     97
    52   1569    965     98
    55   1493    619    114
    55   1499    640    113
    55   1504    654    112
    55   1510    674    111
    55   1510    674    111
    55   1516    697    110
    55   1523    715    109
    55   1528    733    108
    55   1538    760    106
    55   1543    775    105
    55   1547    787    104
    55   1557    814    103
    55   1564    833    102
    55   1570    848    101
    55   1577    863    100
    55   1587    882     99
    55   1593    899     98
    59   1535   1365    156
    59   1599   1403    150
    62   1519    913    125
    62   1516    891    123
    62   1512    857    121
    62   1499    782    114
    62   1486    715    108
    62   1468    615     99
    66   1326    740    118
    66   1312    731    119
    66   1294    717    120
    66   1278    699    122
    66   1277    699    122
    66   1267    686    123
    66   1248    667    124
    66   1239    660    129
    67   1225    637    127
    67   1220    629    128
    67   1213    616    129
    67   1205    602    129
    72   1073   1097    146
    72   1062   1107    150
    72   1050   1116    155
    72   1040   1125    159
    72   1034   1133    161
    72   1024   1143    165
    72   1017   1154    169
    72   1012   1160    171
    72   1008   1175    169
    72   1002   1191    174
    72    999   1212    173
    72    997   1267    161
    72    997   1267    161
    72    995   1295    159
    73   1062   1055     81
    73   1066   1072     82
    73   1070   1088     82
    73   1075   1107     82
    73   1079   1120     82
    73   1086   1132     82
    73   1100   1160     83
    73   1115   1184     83
    73   1127   1202     83
    73   1140   1224     83
    73   1155   1243     83
    73   1169   1262     84
    73   1179   1275     82
    73   1192   1291     82
    73   1220   1320     82
    74   1247   1339     85
    74   1259   1350     86
    74   1269   1361     86
    74   1279   1368     86
    74   1310   1391     86
    75    980   1000    171
    75    982   1017    169
    75    988   1048    165
    75    992   1066    162
    75    994   1082    160
    75    994   1097    158
    75    998   1115    156
    75   1000   1135    154
    75   1009   1187    149
    75   1019   1229    143
    79   1317   1243     99
    79   1296   1256    101
    79   1281   1267    107
    79   1264   1280    107
    79   1250   1297    113
    79   1246   1303    113
    79   1238   1316    113
    79   1234   1328    114
    79   1229   1339    114
    79   1225   1354    114
    79   1219   1379    115
    79   1214   1404    115
    79   1211   1420    115
    80   1044   1171    138
    80   1038   1152    139
    80   1030   1129    140
    80   1023   1108    141
    80   1011   1077    143
    80   1004   1052    144
    80    999   1033    145
    81    959   1018    157
    81    962    997    156
    81    964    984    156
    81    970    963    156
    81    990    897    159
    83   1023    754    157
    83   1028    732    157
    83   1032    713    156
    83   1034    698    156
    83   1034    682    156
    83   1032    661    156
    83   1025    636    153
    83   1019    615    153
    84    998    829    209
    84    990    795    203
    84    982    758    196
    84    953    636    171
    90    954    667    151
    90    959    687    151
    90    967    719    149
    90    974    752    148
    90    975    762    147
    90    983    800    146
    90    990    822    145
    90    993    847    144
    90   1003    872    143
    90   1007    890    142
    90   1006    905    141
    90   1013    935    140
    90   1023    967    138
    90   1031   1001    137
    90   1042   1036    135
    97    861    746    127
    97    851    715    129
    97    837    687    137
    97    826    668    145
    97    819    647    147
    97    801    615    151
    99    774    620    127
    99    784    653    127
    99    792    686    126
    99    803    718    131
    99    806    741    131
    99    810    771    130
    99    817    802    129
    99    820    813    129
    99    836    870    132
    99    847    916    131
    99    852    930    130
    99    864    978    126
    99    871   1014    125
    99    878   1052    125
    99    887   1089    124
    99    897   1125    123
    99    919   1183    125
    99    938   1238    124
    99    951   1279    122
    99    964   1313    121
    99    979   1366    120
    99    993   1407    119
   101    974    938    141
   101    980    962    142
   101    985    988    143
   101    995   1027    144
   102    892    964    148
   102    890   1004    154
   102    884   1038    159
   102    881   1062    162
   102    878   1092    166
   102    878   1115    169
   102    878   1138    173
   102    877   1167    177
   102    879   1188    180
   102    876   1208    182
   102    873   1228    185
   102    864   1255    189
   102    860   1263    190
   103   1435    665    103
   103   1435    682    104
   103   1436    705    105
   103   1437    728    106
   103   1437    745    108
   103   1433    755    108
   104    897   1058    130
   104    902   1076    128
   104    908   1097    124
   104    914   1117    121
   104    920   1137    118
   104    925   1148    116
   104    932   1166    113
   104    936   1178    111
   104    942   1190    109
   119   1052   1161     76
   119   1037   1136     77
   119   1032   1125     78
   119   1022   1100     79
   119   1011   1080     79
   119   1002   1061     80
   119    991   1041     81
   119    980   1016     82
   119    972    989     83
   119    965    972     84
   119    958    951     85
   119    947    917     86
   119    942    898     87
   119    942    899     87
   119    934    876     83
   119    929    852     83
   119    926    830     84
   119    922    801     85
   119    919    783     86
   119    918    775     86
   119    919    759     83
   119    916    729     84
   119    916    712     85
   119    914    694     84
   120    876    739     93
   120    876    721     92
   120    873    678     90
   120    869    645     88
   120    862    618     87
   120    860    602     86
   121    825    959    103
   121    837    986    103
   121    848   1007    104
   121    855   1030    104
   121    864   1054    104
   121    875   1083    105
   121    884   1106    105
   121    889   1120    105
   121    897   1139    106
   121    915   1181    106
   122    998   1418    140
   122    998   1399    139
   122    999   1380    139
   126   1528    969    116
   126   1524    977    116
   126   1523    996    116
   126   1528   1007    116
   126   1543   1023    116
   126   1576   1052    116
   126   1525   1079    110
   126   1485   1037    110
   129    945    618     95
   129    951    635     96
   129    955    645     96
   129    963    657     96
   129    976    683     96
   136   1078    630    113
   136   1067    602    114
   141   1195    598    113
   154    913    873     85
   154    905    841     85
   154    891    812     85
   154    878    787     85
   154    871    772     85
   154    864    749     85
   154    860    740     85
   154    836    674     83
   154    806    608     83
   156   1035   1036     86
   156   1036   1052     86
   156   1042   1076     86
   156   1044   1099     86
   156   1049   1124     86
   156   1055   1150     90
   156   1057   1163     90
   156   1058   1186     90
   158   1085   1277     99
   158   1092   1291     98
   158   1097   1309     98
   158   1102   1319     98
   158   1106   1328     98
   158   1115   1359     97
   158   1115   1359     97
   163    859   1416    162
   163    856   1338    168
   163    856   1339    168
   163    855   1336    169
   163    858   1235    177
   163    858   1170    183
   163    864   1100    189
   163    881    982    182
   163    881    893    176
   163    875    812    166
   163    862    701    166
   164    895   1355     92
   164    891   1353     92
   164    773   1295    100
   167    776    851     96
   167    814    960     76
   178    842   1088    138
   178    898   1120    143
   178    970   1193    151
   178   1033   1274    157
   179    775   1071    136
   179    774   1384    141
   188   1530    887    104
   188   1536    920    112
   188   1538    934    112
   188   1539    958    118
   188   1525    837    104
   188   1513    756    106
   188   1500    703    106
   202    782   1032     98
   202    819   1119    107
   202    861   1222    119
   202    898   1332    121
   213   1098   1199    116
   213   1066   1142    110
   213   1038   1067    104
   213   1025   1025    101
   213   1016    988     99
   213    993    947     95
   213    973    902     91
   213    949    850     86
   213    948    847     86
   213    940    800     83
   226   1571    626    140
   241    965    613    105
   241    973    721    104
   241    966    817    103
   241    950    899    103
   241    922    946    102
   241    873    996    101
   241    855   1069    122
   251    838   1379    146
   251    821   1316    148
   251    803   1264    150
   251    790   1225    152
   261    824    614    132
   261    834    637    128
   261    841    652    125
   263   1437    851    115
   263   1428    799    115
   263   1404    738    115
   263   1389    695    115
   263   1363    627    115
   279    841   1413    186
   279    859   1368    186
   280    899   1417    131
   280    910   1384    142
   280    915   1357    150
   280    917   1337    156
   280    914   1310    164
   280    905   1174    168
   280    904   1073    160
   280    914    958    155
   280    929    844    151
   282   1042   1409    129
   282   1042   1411    129
   282   1039   1363    129
   282   1037   1364    129
   282   1040   1360    129
   282   1036   1273    125
   282   1038   1188    119
   282   1032   1135    120
   282   1022   1082    121
   282    997   1016    123
   282    939    864    127
   294    987   1425    159
   294    961   1384    167
   294    938   1335    176
   299   1202    618    153
   299   1276    647    140
   299   1363    677    125
   299   1453    723    108
   310   1478   1105    112
   310   1522   1128    115
   310   1571   1158    119
   310   1607   1181    121
   314   1002    672    197
   314    967    701    200
   314    940    714    203
   314    902    725    206
   314    864    738    209
   314    827    747    212
   331    889    632     95
   331    892    677     97
   331    900    709     99
   331    908    749    101
   331    922    810    105
   357   1599    654    121
   357   1541    682    102
   357   1486    702     85
   369    868    948    111
   369    939    893    100
   369    979    850     93
   369   1038    782     82
   370    875   1084     78
   370    836    968     90
   370    806    884    100
   370    796    835    104
   370    796    830    105
   370    796    784    107
   370    802    713    111
   370    828    628     92
   372    797    698     84
   372    823    765     83
   372    851    820     82
   372    880    873     81
   372    914    938     80
   372    924    973     79
   372    929   1003     79
   372    944   1041     78
   372    947   1058     78
   382    955   1351     88
   382    890   1224     91
   382    859   1151     93
   382    786    992     97
