     1   1511   1147     38
     1   1486   1169     44
     1   1454   1196     52
     1   1439   1219     65
     1   1431   1236     66
     1   1423   1261     68
     1   1424   1285     69
     1   1430   1320     71
     1   1436   1368     74
     1   1438   1406     76
    11   1346   1206     88
    11   1380   1172     94
    11   1402   1147     97
    11   1428   1110    103
    11   1446   1092    105
    11   1464   1064    109
    11   1494   1006    118
    12   1419   1148    100
    12   1456   1158    104
    12   1483   1165     95
    12   1523   1173     88
    25   1602    857    127
    25   1590    861    123
    25   1578    864    119
    25   1557    872    112
    25   1543    877    108
    25   1504    888     86
    25   1485    894     80
    25   1472    897     76
    25   1454    899     69
    25   1434    899     65
    25   1415    900     59
    25   1397    904     54
    26   1433    912     62
    26   1432    923     60
    26   1432    935     57
    26   1431    945     55
    26   1430    954     53
    26   1428    968     50
    26   1427    987     47
    26   1426    995     45
    26   1426   1009     49
    26   1426   1010     49
    26   1430   1025     47
