     1     1   1532   1068    175
     1     1   1530   1068    175
     1     1   1533   1075    175
     1     1   1535   1077    175
     1     1   1537   1079    175
     1     1   1541   1082    175
     1     1   1548   1086    175
     1     1   1556   1089    175
     1     1   1560   1091    175
     1     1   1564   1091    175
     1     1   1569   1091    175
     1     1   1574   1092    175
     1     1   1576   1092    175
     1     1   1581   1092    175
     1     1   1587   1092    175
     1     1   1593   1092    175
     1     1   1599   1092    175
     1     1   1604   1091    175
     1     1   1608   1090    175
     1     1   1612   1088    175
     1     1   1618   1086    175
     1     1   1622   1084    175
     1     1   1630   1081    175
     1     1   1632   1079    175
     1     1   1635   1077    175
     1     1   1639   1073    175
     1     1   1644   1066    175
     1     1   1648   1058    175
     1     1   1651   1054    175
     1     1   1655   1051    175
     1     1   1657   1048    175
     1     1   1660   1044    175
     1     1   1662   1039    175
     1     1   1664   1035    175
     1     1   1665   1032    175
     1     1   1666   1030    175
     1     1   1667   1027    175
     1     1   1667   1021    175
     1     1   1668   1015    175
     1     1   1668   1009    175
     1     1   1668   1004    175
     1     1   1668    998    175
     1     1   1668    994    175
     1     1   1667    991    175
     1     1   1665    985    175
     1     1   1663    979    175
     1     1   1661    978    175
     1     1   1659    976    175
     1     1   1654    969    175
     1     1   1651    965    175
     1     1   1647    961    175
     1     1   1642    956    175
     1     1   1641    954    175
     1     1   1637    951    175
     1     1   1632    948    175
     1     1   1628    945    175
     1     1   1623    943    175
     1     1   1617    941    175
     1     1   1610    940    175
     1     1   1607    939    175
     1     1   1602    938    175
     1     1   1598    937    175
     1     1   1593    937    175
     1     1   1588    937    175
     1     1   1583    937    175
     1     1   1578    938    175
     1     1   1572    939    175
     1     1   1565    940    175
     1     1   1558    942    175
     1     1   1554    942    175
     1     1   1549    942    175
     1     1   1544    945    175
     1     1   1540    947    175
     1     1   1535    951    175
     1     1   1533    952    175
     1     1   1526    955    175
     1     1   1520    958    175
     1     1   1515    960    175
     1     1   1512    965    175
     1     1   1509    972    175
     1     1   1506    978    175
     1     1   1505    981    175
     1     1   1504    987    175
     1     1   1503    995    175
     1     1   1502    998    175
     1     1   1502   1003    175
     1     1   1501   1009    175
     1     1   1501   1014    175
     1     1   1501   1019    175
     1     1   1501   1024    175
     1     1   1501   1029    175
     1     1   1501   1034    175
     1     1   1501   1037    175
     1     1   1502   1041    175
     1     1   1503   1044    175
     1     1   1504   1047    175
     1     1   1506   1049    175
     1     1   1508   1052    175
     1     1   1511   1055    175
     1     1   1515   1058    175
     1     1   1519   1062    175
     1     1   1524   1066    175
     1     2   1538   1081    179
     1     2   1537   1080    179
     1     2   1537   1080    179
     1     2   1548   1088    179
     1     2   1553   1091    179
     1     2   1556   1092    179
     1     2   1558   1093    179
     1     2   1566   1095    179
     1     2   1571   1095    179
     1     2   1575   1095    179
     1     2   1580   1095    179
     1     2   1583   1095    179
     1     2   1589   1094    179
     1     2   1594   1093    179
     1     2   1597   1092    179
     1     2   1604   1090    179
     1     2   1610   1088    179
     1     2   1614   1086    179
     1     2   1619   1084    179
     1     2   1624   1081    179
     1     2   1630   1078    179
     1     2   1635   1073    179
     1     2   1637   1070    179
     1     2   1642   1064    179
     1     2   1646   1059    179
     1     2   1648   1055    179
     1     2   1652   1048    179
     1     2   1654   1046    179
     1     2   1655   1043    179
     1     2   1657   1037    179
     1     2   1658   1034    179
     1     2   1658   1029    179
     1     2   1659   1024    179
     1     2   1660   1020    179
     1     2   1660   1015    179
     1     2   1661   1012    179
     1     2   1661   1009    179
     1     2   1661   1004    179
     1     2   1661    999    179
     1     2   1661    993    179
     1     2   1661    987    179
     1     2   1661    984    179
     1     2   1660    979    179
     1     2   1658    976    179
     1     2   1656    973    179
     1     2   1654    972    179
     1     2   1651    967    179
     1     2   1647    963    179
     1     2   1644    959    179
     1     2   1640    956    179
     1     2   1637    954    179
     1     2   1630    950    179
     1     2   1629    947    179
     1     2   1625    943    179
     1     2   1623    942    179
     1     2   1619    940    179
     1     2   1616    938    179
     1     2   1612    937    179
     1     2   1606    937    179
     1     2   1598    937    179
     1     2   1595    937    179
     1     2   1589    938    179
     1     2   1583    938    179
     1     2   1578    939    179
     1     2   1573    939    179
     1     2   1568    940    179
     1     2   1565    940    179
     1     2   1558    942    179
     1     2   1554    944    179
     1     2   1549    946    179
     1     2   1543    948    179
     1     2   1538    950    179
     1     2   1534    952    179
     1     2   1531    953    179
     1     2   1528    955    179
     1     2   1521    961    179
     1     2   1517    965    179
     1     2   1513    969    179
     1     2   1511    972    179
     1     2   1509    979    179
     1     2   1508    984    179
     1     2   1507    987    179
     1     2   1507    992    179
     1     2   1507    998    179
     1     2   1507   1004    179
     1     2   1507   1009    179
     1     2   1507   1014    179
     1     2   1508   1017    179
     1     2   1509   1025    179
     1     2   1509   1028    179
     1     2   1511   1034    179
     1     2   1513   1038    179
     1     2   1514   1043    179
     1     2   1515   1047    179
     1     2   1517   1052    179
     1     2   1519   1056    179
     1     2   1522   1063    179
     1     2   1525   1068    179
     1     2   1526   1071    179
     1     2   1530   1075    179
     1     2   1533   1077    179
     1     2   1537   1080    179
     1     3   1537   1076    183
     1     3   1535   1076    183
     1     3   1537   1081    183
     1     3   1544   1084    183
     1     3   1546   1085    183
     1     3   1549   1086    183
     1     3   1552   1087    183
     1     3   1557   1088    183
     1     3   1560   1088    183
     1     3   1565   1088    183
     1     3   1570   1089    183
     1     3   1573   1090    183
     1     3   1576   1091    183
     1     3   1581   1091    183
     1     3   1586   1091    183
     1     3   1594   1091    183
     1     3   1597   1090    183
     1     3   1604   1089    183
     1     3   1608   1087    183
     1     3   1612   1085    183
     1     3   1617   1081    183
     1     3   1621   1078    183
     1     3   1626   1074    183
     1     3   1629   1071    183
     1     3   1634   1067    183
     1     3   1638   1063    183
     1     3   1641   1059    183
     1     3   1644   1055    183
     1     3   1646   1053    183
     1     3   1649   1048    183
     1     3   1651   1043    183
     1     3   1653   1038    183
     1     3   1654   1035    183
     1     3   1655   1032    183
     1     3   1656   1027    183
     1     3   1657   1022    183
     1     3   1657   1017    183
     1     3   1657   1012    183
     1     3   1657   1008    183
     1     3   1657   1003    183
     1     3   1657    999    183
     1     3   1657    994    183
     1     3   1657    989    183
     1     3   1656    985    183
     1     3   1656    977    183
     1     3   1653    970    183
     1     3   1651    966    183
     1     3   1646    960    183
     1     3   1643    957    183
     1     3   1640    954    183
     1     3   1638    952    183
     1     3   1633    950    183
     1     3   1629    947    183
     1     3   1624    945    183
     1     3   1622    944    183
     1     3   1616    942    183
     1     3   1610    942    183
     1     3   1605    940    183
     1     3   1600    939    183
     1     3   1595    939    183
     1     3   1589    938    183
     1     3   1584    938    183
     1     3   1580    938    183
     1     3   1575    938    183
     1     3   1569    938    183
     1     3   1564    938    183
     1     3   1560    938    183
     1     3   1556    939    183
     1     3   1549    941    183
     1     3   1546    942    183
     1     3   1543    945    183
     1     3   1539    948    183
     1     3   1534    950    183
     1     3   1532    952    183
     1     3   1529    954    183
     1     3   1524    960    183
     1     3   1521    962    183
     1     3   1519    965    183
     1     3   1517    969    183
     1     3   1514    973    183
     1     3   1511    978    183
     1     3   1510    982    183
     1     3   1508    987    183
     1     3   1507    991    183
     1     3   1505    997    183
     1     3   1505   1002    183
     1     3   1505   1010    183
     1     3   1505   1016    183
     1     3   1505   1021    183
     1     3   1505   1025    183
     1     3   1506   1031    183
     1     3   1507   1036    183
     1     3   1509   1043    183
     1     3   1511   1047    183
     1     3   1513   1052    183
     1     3   1515   1056    183
     1     3   1516   1061    183
     1     3   1519   1064    183
     1     3   1522   1068    183
     1     3   1526   1071    183
     1     3   1530   1074    183
     1     3   1534   1076    183
     1     4   1507   1040    187
     1     4   1507   1039    187
     1     4   1509   1042    187
     1     4   1513   1048    187
     1     4   1515   1053    187
     1     4   1517   1058    187
     1     4   1520   1062    187
     1     4   1524   1065    187
     1     4   1527   1069    187
     1     4   1532   1074    187
     1     4   1536   1078    187
     1     4   1543   1083    187
     1     4   1546   1084    187
     1     4   1549   1085    187
     1     4   1551   1085    187
     1     4   1557   1086    187
     1     4   1562   1087    187
     1     4   1567   1088    187
     1     4   1571   1088    187
     1     4   1576   1088    187
     1     4   1582   1088    187
     1     4   1587   1088    187
     1     4   1589   1088    187
     1     4   1595   1087    187
     1     4   1601   1087    187
     1     4   1605   1087    187
     1     4   1608   1086    187
     1     4   1615   1083    187
     1     4   1617   1082    187
     1     4   1625   1078    187
     1     4   1632   1073    187
     1     4   1634   1071    187
     1     4   1636   1069    187
     1     4   1641   1063    187
     1     4   1643   1060    187
     1     4   1646   1055    187
     1     4   1648   1053    187
     1     4   1649   1050    187
     1     4   1651   1045    187
     1     4   1653   1039    187
     1     4   1655   1033    187
     1     4   1656   1031    187
     1     4   1657   1028    187
     1     4   1657   1025    187
     1     4   1658   1020    187
     1     4   1659   1017    187
     1     4   1659   1012    187
     1     4   1659   1007    187
     1     4   1659   1001    187
     1     4   1659    997    187
     1     4   1659    992    187
     1     4   1659    986    187
     1     4   1659    980    187
     1     4   1658    977    187
     1     4   1656    971    187
     1     4   1654    965    187
     1     4   1652    962    187
     1     4   1647    956    187
     1     4   1644    953    187
     1     4   1641    950    187
     1     4   1635    946    187
     1     4   1632    944    187
     1     4   1629    942    187
     1     4   1625    941    187
     1     4   1620    939    187
     1     4   1614    937    187
     1     4   1608    937    187
     1     4   1603    937    187
     1     4   1595    937    187
     1     4   1588    937    187
     1     4   1584    937    187
     1     4   1582    938    187
     1     4   1576    938    187
     1     4   1571    940    187
     1     4   1568    940    187
     1     4   1565    941    187
     1     4   1560    944    187
     1     4   1556    946    187
     1     4   1552    948    187
     1     4   1545    952    187
     1     4   1540    956    187
     1     4   1533    960    187
     1     4   1530    961    187
     1     4   1528    963    187
     1     4   1525    966    187
     1     4   1521    970    187
     1     4   1517    973    187
     1     4   1515    976    187
     1     4   1512    980    187
     1     4   1510    985    187
     1     4   1508    991    187
     1     4   1506    996    187
     1     4   1505    999    187
     1     4   1505   1001    187
     1     4   1503   1007    187
     1     4   1503   1010    187
     1     4   1502   1013    187
     1     4   1502   1018    187
     1     4   1502   1023    187
     1     4   1503   1031    187
     1     4   1505   1037    187
     1     5   1527   1066    191
     1     5   1523   1064    191
     1     5   1529   1072    191
     1     5   1532   1075    191
     1     5   1535   1078    191
     1     5   1537   1080    191
     1     5   1542   1082    191
     1     5   1547   1085    191
     1     5   1551   1087    191
     1     5   1555   1089    191
     1     5   1559   1090    191
     1     5   1563   1091    191
     1     5   1569   1091    191
     1     5   1574   1091    191
     1     5   1579   1091    191
     1     5   1585   1091    191
     1     5   1589   1091    191
     1     5   1598   1091    191
     1     5   1602   1091    191
     1     5   1605   1090    191
     1     5   1608   1089    191
     1     5   1614   1086    191
     1     5   1619   1082    191
     1     5   1625   1079    191
     1     5   1627   1078    191
     1     5   1629   1076    191
     1     5   1631   1074    191
     1     5   1633   1072    191
     1     5   1638   1066    191
     1     5   1640   1064    191
     1     5   1643   1059    191
     1     5   1646   1055    191
     1     5   1648   1053    191
     1     5   1650   1051    191
     1     5   1653   1046    191
     1     5   1657   1042    191
     1     5   1658   1040    191
     1     5   1660   1037    191
     1     5   1662   1029    191
     1     5   1664   1025    191
     1     5   1664   1019    191
     1     5   1665   1015    191
     1     5   1665   1011    191
     1     5   1665   1003    191
     1     5   1665   1000    191
     1     5   1665    996    191
     1     5   1662    991    191
     1     5   1660    985    191
     1     5   1657    981    191
     1     5   1654    978    191
     1     5   1651    974    191
     1     5   1647    970    191
     1     5   1644    966    191
     1     5   1640    963    191
     1     5   1636    960    191
     1     5   1632    957    191
     1     5   1626    953    191
     1     5   1624    951    191
     1     5   1619    949    191
     1     5   1615    947    191
     1     5   1608    944    191
     1     5   1602    943    191
     1     5   1597    942    191
     1     5   1592    942    191
     1     5   1588    942    191
     1     5   1583    942    191
     1     5   1579    942    191
     1     5   1571    944    191
     1     5   1567    945    191
     1     5   1563    946    191
     1     5   1559    948    191
     1     5   1555    951    191
     1     5   1551    953    191
     1     5   1545    955    191
     1     5   1542    957    191
     1     5   1536    960    191
     1     5   1532    963    191
     1     5   1529    966    191
     1     5   1525    969    191
     1     5   1522    971    191
     1     5   1519    973    191
     1     5   1517    975    191
     1     5   1516    978    191
     1     5   1514    980    191
     1     5   1512    986    191
     1     5   1510    993    191
     1     5   1509    997    191
     1     5   1509   1002    191
     1     5   1509   1007    191
     1     5   1509   1013    191
     1     5   1509   1018    191
     1     5   1509   1023    191
     1     5   1509   1027    191
     1     5   1510   1033    191
     1     5   1511   1039    191
     1     5   1512   1044    191
     1     5   1514   1051    191
     1     5   1515   1054    191
     1     5   1518   1059    191
     1     6   1527   1070    195
     1     6   1526   1069    195
     1     6   1525   1069    195
     1     6   1526   1069    195
     1     6   1531   1073    195
     1     6   1534   1077    195
     1     6   1537   1079    195
     1     6   1542   1081    195
     1     6   1547   1084    195
     1     6   1553   1086    195
     1     6   1557   1087    195
     1     6   1562   1088    195
     1     6   1565   1088    195
     1     6   1571   1088    195
     1     6   1576   1088    195
     1     6   1582   1088    195
     1     6   1587   1088    195
     1     6   1591   1088    195
     1     6   1596   1088    195
     1     6   1601   1087    195
     1     6   1604   1086    195
     1     6   1611   1084    195
     1     6   1616   1081    195
     1     6   1621   1079    195
     1     6   1623   1078    195
     1     6   1626   1077    195
     1     6   1628   1075    195
     1     6   1632   1072    195
     1     6   1636   1069    195
     1     6   1640   1065    195
     1     6   1642   1063    195
     1     6   1644   1059    195
     1     6   1647   1054    195
     1     6   1649   1050    195
     1     6   1652   1046    195
     1     6   1653   1043    195
     1     6   1655   1037    195
     1     6   1656   1033    195
     1     6   1656   1027    195
     1     6   1657   1024    195
     1     6   1657   1018    195
     1     6   1657   1013    195
     1     6   1657   1007    195
     1     6   1657   1001    195
     1     6   1657    996    195
     1     6   1656    993    195
     1     6   1655    989    195
     1     6   1653    984    195
     1     6   1649    976    195
     1     6   1647    973    195
     1     6   1644    968    195
     1     6   1642    964    195
     1     6   1638    960    195
     1     6   1635    956    195
     1     6   1632    953    195
     1     6   1630    951    195
     1     6   1625    949    195
     1     6   1619    945    195
     1     6   1614    944    195
     1     6   1611    942    195
     1     6   1609    942    195
     1     6   1604    941    195
     1     6   1600    940    195
     1     6   1595    940    195
     1     6   1589    940    195
     1     6   1585    940    195
     1     6   1579    940    195
     1     6   1574    940    195
     1     6   1571    940    195
     1     6   1565    941    195
     1     6   1563    942    195
     1     6   1558    944    195
     1     6   1554    946    195
     1     6   1550    948    195
     1     6   1543    951    195
     1     6   1537    955    195
     1     6   1534    956    195
     1     6   1530    960    195
     1     6   1526    963    195
     1     6   1523    965    195
     1     6   1520    967    195
     1     6   1516    973    195
     1     6   1514    978    195
     1     6   1510    985    195
     1     6   1509    987    195
     1     6   1508    992    195
     1     6   1507    997    195
     1     6   1506   1002    195
     1     6   1505   1007    195
     1     6   1505   1013    195
     1     6   1505   1018    195
     1     6   1505   1023    195
     1     6   1505   1031    195
     1     6   1505   1039    195
     1     6   1505   1041    195
     1     6   1506   1044    195
     1     6   1509   1049    195
     1     6   1510   1053    195
     1     6   1512   1057    195
     1     6   1517   1063    195
     1     6   1520   1066    195
     1     6   1523   1068    195
     1     7   1541   1072    199
     1     7   1541   1072    199
     1     7   1538   1072    199
     1     7   1536   1072    199
     1     7   1536   1072    199
     1     7   1536   1072    199
     1     7   1542   1075    199
     1     7   1545   1077    199
     1     7   1550   1079    199
     1     7   1557   1080    199
     1     7   1561   1081    199
     1     7   1566   1081    199
     1     7   1572   1082    199
     1     7   1577   1082    199
     1     7   1579   1082    199
     1     7   1582   1082    199
     1     7   1585   1081    199
     1     7   1591   1078    199
     1     7   1594   1078    199
     1     7   1599   1076    199
     1     7   1601   1075    199
     1     7   1608   1072    199
     1     7   1611   1070    199
     1     7   1616   1067    199
     1     7   1621   1063    199
     1     7   1624   1060    199
     1     7   1628   1057    199
     1     7   1633   1051    199
     1     7   1637   1045    199
     1     7   1640   1040    199
     1     7   1641   1033    199
     1     7   1642   1030    199
     1     7   1644   1022    199
     1     7   1644   1016    199
     1     7   1645   1013    199
     1     7   1645   1008    199
     1     7   1645   1002    199
     1     7   1645    997    199
     1     7   1645    992    199
     1     7   1645    984    199
     1     7   1645    981    199
     1     7   1642    973    199
     1     7   1641    969    199
     1     7   1639    965    199
     1     7   1637    961    199
     1     7   1635    959    199
     1     7   1633    957    199
     1     7   1629    953    199
     1     7   1625    949    199
     1     7   1618    945    199
     1     7   1614    943    199
     1     7   1609    942    199
     1     7   1601    940    199
     1     7   1596    940    199
     1     7   1590    940    199
     1     7   1584    940    199
     1     7   1578    940    199
     1     7   1572    940    199
     1     7   1567    940    199
     1     7   1564    940    199
     1     7   1562    941    199
     1     7   1556    941    199
     1     7   1553    942    199
     1     7   1548    944    199
     1     7   1543    946    199
     1     7   1539    950    199
     1     7   1533    954    199
     1     7   1531    955    199
     1     7   1529    956    199
     1     7   1522    962    199
     1     7   1520    964    199
     1     7   1517    970    199
     1     7   1514    975    199
     1     7   1512    977    199
     1     7   1511    979    199
     1     7   1509    983    199
     1     7   1508    987    199
     1     7   1507    993    199
     1     7   1506    996    199
     1     7   1506   1001    199
     1     7   1506   1006    199
     1     7   1506   1012    199
     1     7   1507   1017    199
     1     7   1507   1025    199
     1     7   1508   1027    199
     1     7   1508   1030    199
     1     7   1509   1035    199
     1     7   1510   1039    199
     1     7   1511   1043    199
     1     7   1513   1050    199
     1     7   1517   1057    199
     1     7   1522   1064    199
     1     7   1525   1067    199
     1     7   1533   1071    199
     1     8   1524   1067    203
     1     8   1524   1067    203
     1     8   1534   1072    203
     1     8   1536   1073    203
     1     8   1541   1076    203
     1     8   1546   1079    203
     1     8   1548   1080    203
     1     8   1554   1082    203
     1     8   1558   1083    203
     1     8   1563   1083    203
     1     8   1567   1084    203
     1     8   1573   1084    203
     1     8   1578   1084    203
     1     8   1584   1084    203
     1     8   1591   1083    203
     1     8   1597   1081    203
     1     8   1601   1080    203
     1     8   1607   1077    203
     1     8   1614   1075    203
     1     8   1617   1074    203
     1     8   1619   1072    203
     1     8   1621   1071    203
     1     8   1623   1069    203
     1     8   1627   1065    203
     1     8   1630   1062    203
     1     8   1633   1059    203
     1     8   1635   1056    203
     1     8   1638   1051    203
     1     8   1641   1047    203
     1     8   1643   1043    203
     1     8   1643   1038    203
     1     8   1645   1030    203
     1     8   1646   1027    203
     1     8   1647   1021    203
     1     8   1648   1017    203
     1     8   1648   1011    203
     1     8   1648   1007    203
     1     8   1648   1002    203
     1     8   1648    998    203
     1     8   1648    992    203
     1     8   1648    986    203
     1     8   1646    979    203
     1     8   1644    974    203
     1     8   1643    971    203
     1     8   1641    966    203
     1     8   1636    959    203
     1     8   1632    953    203
     1     8   1627    948    203
     1     8   1624    946    203
     1     8   1618    943    203
     1     8   1611    940    203
     1     8   1608    939    203
     1     8   1601    937    203
     1     8   1596    937    203
     1     8   1591    937    203
     1     8   1583    937    203
     1     8   1577    937    203
     1     8   1571    937    203
     1     8   1566    938    203
     1     8   1560    940    203
     1     8   1554    942    203
     1     8   1548    945    203
     1     8   1546    946    203
     1     8   1543    947    203
     1     8   1539    949    203
     1     8   1536    952    203
     1     8   1532    955    203
     1     8   1527    959    203
     1     8   1524    962    203
     1     8   1521    965    203
     1     8   1518    968    203
     1     8   1516    973    203
     1     8   1512    980    203
     1     8   1509    988    203
     1     8   1509    993    203
     1     8   1508    998    203
     1     8   1507   1003    203
     1     8   1507   1008    203
     1     8   1507   1014    203
     1     8   1507   1019    203
     1     8   1507   1027    203
     1     8   1507   1032    203
     1     8   1507   1037    203
     1     8   1508   1040    203
     1     8   1509   1043    203
     1     8   1510   1049    203
     1     8   1513   1056    203
     1     8   1515   1059    203
     1     8   1517   1061    203
     1     8   1519   1064    203
     1     9   1535   1073    207
     1     9   1535   1072    207
     1     9   1538   1076    207
     1     9   1540   1080    207
     1     9   1542   1081    207
     1     9   1544   1083    207
     1     9   1552   1085    207
     1     9   1556   1086    207
     1     9   1559   1087    207
     1     9   1564   1087    207
     1     9   1569   1087    207
     1     9   1575   1087    207
     1     9   1579   1087    207
     1     9   1583   1086    207
     1     9   1590   1084    207
     1     9   1593   1083    207
     1     9   1599   1080    207
     1     9   1602   1079    207
     1     9   1606   1077    207
     1     9   1611   1074    207
     1     9   1614   1073    207
     1     9   1616   1071    207
     1     9   1623   1066    207
     1     9   1625   1064    207
     1     9   1628   1062    207
     1     9   1631   1058    207
     1     9   1633   1055    207
     1     9   1635   1052    207
     1     9   1640   1045    207
     1     9   1642   1041    207
     1     9   1644   1035    207
     1     9   1645   1031    207
     1     9   1646   1026    207
     1     9   1648   1021    207
     1     9   1648   1015    207
     1     9   1648   1011    207
     1     9   1648   1006    207
     1     9   1648   1001    207
     1     9   1648    996    207
     1     9   1647    992    207
     1     9   1646    987    207
     1     9   1645    983    207
     1     9   1643    978    207
     1     9   1640    972    207
     1     9   1638    969    207
     1     9   1635    965    207
     1     9   1632    962    207
     1     9   1629    958    207
     1     9   1626    954    207
     1     9   1623    951    207
     1     9   1616    947    207
     1     9   1611    944    207
     1     9   1609    943    207
     1     9   1606    943    207
     1     9   1603    942    207
     1     9   1597    942    207
     1     9   1593    942    207
     1     9   1587    942    207
     1     9   1583    942    207
     1     9   1578    942    207
     1     9   1573    942    207
     1     9   1570    943    207
     1     9   1564    944    207
     1     9   1560    944    207
     1     9   1556    946    207
     1     9   1551    948    207
     1     9   1546    951    207
     1     9   1543    953    207
     1     9   1539    956    207
     1     9   1535    958    207
     1     9   1532    961    207
     1     9   1528    964    207
     1     9   1524    967    207
     1     9   1521    971    207
     1     9   1519    974    207
     1     9   1517    976    207
     1     9   1516    980    207
     1     9   1515    985    207
     1     9   1513    989    207
     1     9   1513    993    207
     1     9   1513    996    207
     1     9   1511   1001    207
     1     9   1511   1005    207
     1     9   1511   1010    207
     1     9   1511   1015    207
     1     9   1511   1022    207
     1     9   1512   1025    207
     1     9   1513   1030    207
     1     9   1513   1035    207
     1     9   1514   1041    207
     1     9   1515   1044    207
     1     9   1517   1049    207
     1     9   1519   1053    207
     1     9   1523   1059    207
     1     9   1525   1062    207
     1     9   1529   1066    207
     1     9   1531   1069    207
     1     9   1533   1071    207
     1    10   1517   1053    171
     1    10   1516   1052    171
     1    10   1516   1058    171
     1    10   1520   1062    171
     1    10   1524   1066    171
     1    10   1527   1069    171
     1    10   1530   1071    171
     1    10   1532   1073    171
     1    10   1537   1076    171
     1    10   1542   1079    171
     1    10   1546   1082    171
     1    10   1551   1084    171
     1    10   1554   1086    171
     1    10   1559   1087    171
     1    10   1564   1090    171
     1    10   1568   1091    171
     1    10   1573   1091    171
     1    10   1577   1092    171
     1    10   1583   1092    171
     1    10   1588   1092    171
     1    10   1592   1092    171
     1    10   1597   1092    171
     1    10   1601   1092    171
     1    10   1605   1092    171
     1    10   1613   1090    171
     1    10   1617   1088    171
     1    10   1621   1086    171
     1    10   1625   1083    171
     1    10   1629   1080    171
     1    10   1632   1077    171
     1    10   1636   1073    171
     1    10   1640   1070    171
     1    10   1645   1065    171
     1    10   1648   1060    171
     1    10   1650   1055    171
     1    10   1653   1050    171
     1    10   1656   1045    171
     1    10   1657   1040    171
     1    10   1658   1036    171
     1    10   1660   1032    171
     1    10   1660   1027    171
     1    10   1660   1023    171
     1    10   1660   1016    171
     1    10   1660   1010    171
     1    10   1660   1007    171
     1    10   1660   1005    171
     1    10   1658   1000    171
     1    10   1657    995    171
     1    10   1656    992    171
     1    10   1653    987    171
     1    10   1651    982    171
     1    10   1647    976    171
     1    10   1645    973    171
     1    10   1642    970    171
     1    10   1640    966    171
     1    10   1638    963    171
     1    10   1635    960    171
     1    10   1631    957    171
     1    10   1628    954    171
     1    10   1625    951    171
     1    10   1621    949    171
     1    10   1617    946    171
     1    10   1612    943    171
     1    10   1608    941    171
     1    10   1605    940    171
     1    10   1602    940    171
     1    10   1598    939    171
     1    10   1593    939    171
     1    10   1588    939    171
     1    10   1583    938    171
     1    10   1578    938    171
     1    10   1571    938    171
     1    10   1566    938    171
     1    10   1563    938    171
     1    10   1560    939    171
     1    10   1555    941    171
     1    10   1549    943    171
     1    10   1546    945    171
     1    10   1538    949    171
     1    10   1534    952    171
     1    10   1530    956    171
     1    10   1524    962    171
     1    10   1520    967    171
     1    10   1518    969    171
     1    10   1516    972    171
     1    10   1514    976    171
     1    10   1512    981    171
     1    10   1510    988    171
     1    10   1508    994    171
     1    10   1506    999    171
     1    10   1505   1005    171
     1    10   1505   1012    171
     1    10   1505   1017    171
     1    10   1505   1022    171
     1    10   1505   1026    171
     1    10   1505   1034    171
     1    10   1505   1038    171
     1    10   1506   1040    171
     1    10   1508   1043    171
     1    10   1509   1045    171
     1    10   1511   1047    171
     1    10   1514   1051    171
     1    11   1510   1041    167
     1    11   1510   1041    167
     1    11   1510   1050    167
     1    11   1510   1053    167
     1    11   1512   1055    167
     1    11   1516   1061    167
     1    11   1520   1064    167
     1    11   1522   1066    167
     1    11   1524   1068    167
     1    11   1528   1071    167
     1    11   1530   1073    167
     1    11   1537   1077    167
     1    11   1542   1081    167
     1    11   1546   1083    167
     1    11   1551   1084    167
     1    11   1556   1086    167
     1    11   1559   1086    167
     1    11   1566   1088    167
     1    11   1569   1089    167
     1    11   1574   1090    167
     1    11   1578   1091    167
     1    11   1583   1091    167
     1    11   1588   1091    167
     1    11   1594   1091    167
     1    11   1600   1091    167
     1    11   1604   1091    167
     1    11   1612   1091    167
     1    11   1615   1091    167
     1    11   1618   1090    167
     1    11   1622   1088    167
     1    11   1629   1085    167
     1    11   1632   1083    167
     1    11   1636   1079    167
     1    11   1640   1075    167
     1    11   1644   1068    167
     1    11   1647   1061    167
     1    11   1648   1058    167
     1    11   1649   1053    167
     1    11   1650   1049    167
     1    11   1651   1046    167
     1    11   1652   1040    167
     1    11   1653   1034    167
     1    11   1654   1028    167
     1    11   1655   1022    167
     1    11   1656   1016    167
     1    11   1656   1011    167
     1    11   1656   1006    167
     1    11   1656   1000    167
     1    11   1656    996    167
     1    11   1656    988    167
     1    11   1656    985    167
     1    11   1655    981    167
     1    11   1653    976    167
     1    11   1652    974    167
     1    11   1650    970    167
     1    11   1648    967    167
     1    11   1645    963    167
     1    11   1641    959    167
     1    11   1637    956    167
     1    11   1634    953    167
     1    11   1631    951    167
     1    11   1626    947    167
     1    11   1621    944    167
     1    11   1617    942    167
     1    11   1612    941    167
     1    11   1610    940    167
     1    11   1607    939    167
     1    11   1598    938    167
     1    11   1594    938    167
     1    11   1588    938    167
     1    11   1583    938    167
     1    11   1577    938    167
     1    11   1569    939    167
     1    11   1564    941    167
     1    11   1561    941    167
     1    11   1554    943    167
     1    11   1551    944    167
     1    11   1549    945    167
     1    11   1545    948    167
     1    11   1542    950    167
     1    11   1538    953    167
     1    11   1536    954    167
     1    11   1533    956    167
     1    11   1529    960    167
     1    11   1525    963    167
     1    11   1522    967    167
     1    11   1520    969    167
     1    11   1518    973    167
     1    11   1516    977    167
     1    11   1513    985    167
     1    11   1511    990    167
     1    11   1510    993    167
     1    11   1509    996    167
     1    11   1508   1002    167
     1    11   1506   1008    167
     1    11   1505   1014    167
     1    11   1505   1016    167
     1    11   1505   1019    167
     1    11   1505   1026    167
     1    11   1505   1029    167
     1    11   1505   1032    167
     1    11   1506   1035    167
     1    11   1508   1038    167
     1    11   1509   1040    167
     1    12   1518   1066    163
     1    12   1518   1066    163
     1    12   1522   1070    163
     1    12   1528   1074    163
     1    12   1532   1077    163
     1    12   1537   1080    163
     1    12   1543   1082    163
     1    12   1549   1085    163
     1    12   1552   1086    163
     1    12   1560   1088    163
     1    12   1566   1089    163
     1    12   1569   1090    163
     1    12   1575   1090    163
     1    12   1579   1090    163
     1    12   1585   1090    163
     1    12   1590   1090    163
     1    12   1595   1090    163
     1    12   1598   1090    163
     1    12   1601   1089    163
     1    12   1606   1088    163
     1    12   1609   1087    163
     1    12   1614   1084    163
     1    12   1618   1082    163
     1    12   1621   1080    163
     1    12   1624   1077    163
     1    12   1628   1073    163
     1    12   1631   1070    163
     1    12   1635   1067    163
     1    12   1638   1062    163
     1    12   1641   1057    163
     1    12   1644   1050    163
     1    12   1646   1045    163
     1    12   1648   1041    163
     1    12   1650   1037    163
     1    12   1652   1031    163
     1    12   1653   1028    163
     1    12   1653   1025    163
     1    12   1654   1020    163
     1    12   1654   1015    163
     1    12   1655   1011    163
     1    12   1655   1003    163
     1    12   1655   1000    163
     1    12   1653    993    163
     1    12   1653    988    163
     1    12   1652    985    163
     1    12   1649    979    163
     1    12   1647    975    163
     1    12   1644    970    163
     1    12   1642    968    163
     1    12   1639    963    163
     1    12   1635    958    163
     1    12   1629    955    163
     1    12   1624    952    163
     1    12   1620    950    163
     1    12   1617    948    163
     1    12   1611    946    163
     1    12   1606    945    163
     1    12   1603    944    163
     1    12   1598    943    163
     1    12   1592    942    163
     1    12   1587    941    163
     1    12   1582    940    163
     1    12   1578    940    163
     1    12   1573    940    163
     1    12   1566    940    163
     1    12   1563    940    163
     1    12   1560    940    163
     1    12   1557    941    163
     1    12   1554    943    163
     1    12   1549    945    163
     1    12   1545    947    163
     1    12   1539    951    163
     1    12   1533    955    163
     1    12   1529    959    163
     1    12   1526    961    163
     1    12   1524    963    163
     1    12   1522    966    163
     1    12   1519    970    163
     1    12   1516    975    163
     1    12   1514    979    163
     1    12   1511    983    163
     1    12   1509    986    163
     1    12   1508    988    163
     1    12   1507    991    163
     1    12   1506    995    163
     1    12   1505    999    163
     1    12   1505   1004    163
     1    12   1504   1009    163
     1    12   1503   1013    163
     1    12   1503   1018    163
     1    12   1503   1026    163
     1    12   1503   1031    163
     1    12   1503   1036    163
     1    12   1503   1040    163
     1    12   1504   1044    163
     1    12   1506   1048    163
     1    12   1509   1056    163
     1    12   1511   1059    163
     1    12   1513   1062    163
     1    12   1517   1066    163
     1    13   1504   1053    159
     1    13   1504   1053    159
     1    13   1509   1061    159
     1    13   1513   1065    159
     1    13   1516   1068    159
     1    13   1520   1071    159
     1    13   1525   1077    159
     1    13   1531   1080    159
     1    13   1537   1083    159
     1    13   1541   1085    159
     1    13   1545   1087    159
     1    13   1550   1088    159
     1    13   1555   1090    159
     1    13   1558   1090    159
     1    13   1564   1091    159
     1    13   1569   1091    159
     1    13   1574   1093    159
     1    13   1580   1093    159
     1    13   1586   1094    159
     1    13   1593   1094    159
     1    13   1596   1093    159
     1    13   1602   1092    159
     1    13   1605   1092    159
     1    13   1608   1092    159
     1    13   1610   1091    159
     1    13   1615   1089    159
     1    13   1618   1088    159
     1    13   1624   1084    159
     1    13   1628   1080    159
     1    13   1632   1077    159
     1    13   1635   1074    159
     1    13   1638   1072    159
     1    13   1641   1066    159
     1    13   1645   1061    159
     1    13   1648   1056    159
     1    13   1650   1054    159
     1    13   1651   1051    159
     1    13   1652   1047    159
     1    13   1654   1043    159
     1    13   1655   1039    159
     1    13   1656   1033    159
     1    13   1657   1030    159
     1    13   1658   1024    159
     1    13   1659   1022    159
     1    13   1659   1016    159
     1    13   1659   1010    159
     1    13   1659   1005    159
     1    13   1659   1000    159
     1    13   1659    993    159
     1    13   1657    986    159
     1    13   1655    982    159
     1    13   1653    978    159
     1    13   1651    974    159
     1    13   1649    970    159
     1    13   1647    967    159
     1    13   1643    961    159
     1    13   1641    957    159
     1    13   1637    953    159
     1    13   1634    950    159
     1    13   1630    947    159
     1    13   1626    944    159
     1    13   1622    942    159
     1    13   1618    941    159
     1    13   1612    939    159
     1    13   1607    937    159
     1    13   1604    937    159
     1    13   1598    937    159
     1    13   1593    937    159
     1    13   1587    937    159
     1    13   1582    937    159
     1    13   1578    937    159
     1    13   1570    937    159
     1    13   1566    938    159
     1    13   1558    939    159
     1    13   1551    941    159
     1    13   1546    943    159
     1    13   1541    944    159
     1    13   1538    945    159
     1    13   1535    947    159
     1    13   1530    950    159
     1    13   1525    953    159
     1    13   1519    957    159
     1    13   1515    961    159
     1    13   1511    965    159
     1    13   1508    970    159
     1    13   1506    974    159
     1    13   1504    980    159
     1    13   1502    984    159
     1    13   1501    989    159
     1    13   1499    994    159
     1    13   1498    998    159
     1    13   1497   1004    159
     1    13   1497   1009    159
     1    13   1497   1014    159
     1    13   1497   1019    159
     1    13   1497   1024    159
     1    13   1497   1029    159
     1    13   1497   1035    159
     1    13   1497   1038    159
     1    13   1497   1041    159
     1    13   1498   1044    159
     1    13   1500   1047    159
     1    13   1501   1049    159
     1    13   1503   1052    159
     1    14   1513   1051    155
     1    14   1510   1050    155
     1    14   1515   1052    155
     1    14   1522   1057    155
     1    14   1526   1060    155
     1    14   1529   1065    155
     1    14   1531   1067    155
     1    14   1535   1072    155
     1    14   1539   1075    155
     1    14   1545   1081    155
     1    14   1549   1084    155
     1    14   1553   1086    155
     1    14   1557   1088    155
     1    14   1562   1089    155
     1    14   1565   1090    155
     1    14   1571   1090    155
     1    14   1576   1091    155
     1    14   1581   1091    155
     1    14   1585   1092    155
     1    14   1590   1093    155
     1    14   1594   1094    155
     1    14   1600   1094    155
     1    14   1605   1094    155
     1    14   1610   1093    155
     1    14   1615   1093    155
     1    14   1622   1091    155
     1    14   1625   1089    155
     1    14   1628   1088    155
     1    14   1633   1084    155
     1    14   1635   1082    155
     1    14   1637   1080    155
     1    14   1641   1073    155
     1    14   1643   1071    155
     1    14   1645   1066    155
     1    14   1647   1062    155
     1    14   1650   1057    155
     1    14   1651   1055    155
     1    14   1652   1052    155
     1    14   1654   1049    155
     1    14   1656   1043    155
     1    14   1657   1039    155
     1    14   1658   1035    155
     1    14   1660   1029    155
     1    14   1661   1023    155
     1    14   1661   1019    155
     1    14   1661   1014    155
     1    14   1661   1008    155
     1    14   1661   1002    155
     1    14   1661    997    155
     1    14   1661    993    155
     1    14   1661    989    155
     1    14   1661    986    155
     1    14   1658    979    155
     1    14   1656    975    155
     1    14   1654    971    155
     1    14   1652    967    155
     1    14   1649    963    155
     1    14   1646    959    155
     1    14   1640    953    155
     1    14   1635    949    155
     1    14   1630    948    155
     1    14   1626    946    155
     1    14   1621    945    155
     1    14   1617    944    155
     1    14   1609    942    155
     1    14   1604    942    155
     1    14   1599    941    155
     1    14   1594    940    155
     1    14   1591    940    155
     1    14   1586    939    155
     1    14   1581    939    155
     1    14   1574    939    155
     1    14   1568    938    155
     1    14   1562    938    155
     1    14   1559    939    155
     1    14   1552    940    155
     1    14   1548    941    155
     1    14   1543    944    155
     1    14   1538    946    155
     1    14   1531    951    155
     1    14   1529    952    155
     1    14   1523    956    155
     1    14   1519    961    155
     1    14   1514    965    155
     1    14   1511    970    155
     1    14   1509    973    155
     1    14   1507    975    155
     1    14   1505    984    155
     1    14   1503    990    155
     1    14   1502    993    155
     1    14   1501    998    155
     1    14   1501   1004    155
     1    14   1501   1009    155
     1    14   1501   1015    155
     1    14   1501   1023    155
     1    14   1501   1031    155
     1    14   1501   1035    155
     1    14   1502   1038    155
     1    14   1504   1041    155
     1    14   1505   1044    155
     1    14   1507   1046    155
     1    14   1509   1048    155
     1    14   1511   1050    155
     1    15   1534   1068    151
     1    15   1533   1068    151
     1    15   1531   1073    151
     1    15   1532   1075    151
     1    15   1533   1078    151
     1    15   1537   1084    151
     1    15   1541   1087    151
     1    15   1543   1088    151
     1    15   1546   1089    151
     1    15   1548   1090    151
     1    15   1551   1091    151
     1    15   1553   1091    151
     1    15   1561   1092    151
     1    15   1566   1093    151
     1    15   1570   1093    151
     1    15   1575   1094    151
     1    15   1582   1094    151
     1    15   1588   1094    151
     1    15   1591   1094    151
     1    15   1593   1093    151
     1    15   1599   1092    151
     1    15   1607   1091    151
     1    15   1610   1091    151
     1    15   1613   1090    151
     1    15   1620   1088    151
     1    15   1624   1086    151
     1    15   1628   1084    151
     1    15   1631   1082    151
     1    15   1636   1079    151
     1    15   1638   1078    151
     1    15   1640   1076    151
     1    15   1643   1073    151
     1    15   1647   1068    151
     1    15   1649   1063    151
     1    15   1654   1056    151
     1    15   1657   1048    151
     1    15   1659   1042    151
     1    15   1660   1039    151
     1    15   1661   1033    151
     1    15   1661   1028    151
     1    15   1661   1023    151
     1    15   1661   1017    151
     1    15   1661   1009    151
     1    15   1661   1001    151
     1    15   1659    997    151
     1    15   1657    993    151
     1    15   1655    989    151
     1    15   1653    984    151
     1    15   1649    977    151
     1    15   1647    973    151
     1    15   1643    968    151
     1    15   1642    965    151
     1    15   1640    962    151
     1    15   1636    958    151
     1    15   1633    954    151
     1    15   1630    951    151
     1    15   1628    949    151
     1    15   1625    947    151
     1    15   1620    945    151
     1    15   1617    944    151
     1    15   1610    941    151
     1    15   1607    940    151
     1    15   1605    940    151
     1    15   1598    938    151
     1    15   1594    938    151
     1    15   1588    938    151
     1    15   1582    938    151
     1    15   1578    938    151
     1    15   1573    938    151
     1    15   1566    938    151
     1    15   1560    939    151
     1    15   1553    941    151
     1    15   1547    943    151
     1    15   1542    946    151
     1    15   1539    948    151
     1    15   1534    950    151
     1    15   1531    952    151
     1    15   1526    957    151
     1    15   1523    960    151
     1    15   1519    967    151
     1    15   1517    972    151
     1    15   1515    976    151
     1    15   1512    983    151
     1    15   1510    985    151
     1    15   1509    988    151
     1    15   1509    993    151
     1    15   1509    999    151
     1    15   1509   1004    151
     1    15   1509   1010    151
     1    15   1509   1015    151
     1    15   1509   1020    151
     1    15   1509   1025    151
     1    15   1509   1028    151
     1    15   1510   1031    151
     1    15   1512   1034    151
     1    15   1514   1040    151
     1    15   1515   1045    151
     1    15   1517   1051    151
     1    15   1521   1058    151
     1    15   1523   1061    151
     1    15   1525   1063    151
     1    15   1529   1066    151
     1    16   1651    993    147
     1    16   1651    990    147
     1    16   1649    986    147
     1    16   1647    980    147
     1    16   1646    977    147
     1    16   1642    971    147
     1    16   1641    968    147
     1    16   1639    965    147
     1    16   1637    963    147
     1    16   1634    959    147
     1    16   1631    954    147
     1    16   1629    951    147
     1    16   1627    949    147
     1    16   1624    947    147
     1    16   1619    944    147
     1    16   1615    942    147
     1    16   1613    941    147
     1    16   1611    940    147
     1    16   1608    940    147
     1    16   1602    939    147
     1    16   1595    937    147
     1    16   1593    937    147
     1    16   1587    937    147
     1    16   1582    937    147
     1    16   1575    936    147
     1    16   1571    936    147
     1    16   1565    934    147
     1    16   1560    934    147
     1    16   1555    934    147
     1    16   1551    934    147
     1    16   1546    935    147
     1    16   1542    936    147
     1    16   1540    937    147
     1    16   1538    938    147
     1    16   1536    940    147
     1    16   1532    943    147
     1    16   1526    948    147
     1    16   1524    950    147
     1    16   1520    956    147
     1    16   1518    960    147
     1    16   1516    963    147
     1    16   1515    967    147
     1    16   1513    971    147
     1    16   1511    975    147
     1    16   1509    979    147
     1    16   1507    983    147
     1    16   1505    986    147
     1    16   1503    992    147
     1    16   1503    997    147
     1    16   1502   1003    147
     1    16   1502   1008    147
     1    16   1502   1013    147
     1    16   1502   1020    147
     1    16   1502   1023    147
     1    16   1504   1028    147
     1    16   1506   1033    147
     1    16   1507   1036    147
     1    16   1509   1041    147
     1    16   1513   1048    147
     1    16   1517   1055    147
     1    16   1521   1059    147
     1    16   1524   1063    147
     1    16   1530   1069    147
     1    16   1535   1073    147
     1    16   1541   1076    147
     1    16   1543   1078    147
     1    16   1546   1079    147
     1    16   1549   1080    147
     1    16   1548   1080    147
     1    16   1551   1086    147
     1    16   1553   1088    147
     1    16   1558   1089    147
     1    16   1561   1090    147
     1    16   1566   1091    147
     1    16   1569   1092    147
     1    16   1572   1092    147
     1    16   1578   1092    147
     1    16   1584   1092    147
     1    16   1589   1092    147
     1    16   1593   1091    147
     1    16   1597   1091    147
     1    16   1602   1089    147
     1    16   1606   1087    147
     1    16   1610   1084    147
     1    16   1617   1080    147
     1    16   1621   1077    147
     1    16   1625   1073    147
     1    16   1628   1070    147
     1    16   1631   1066    147
     1    16   1633   1064    147
     1    16   1637   1059    147
     1    16   1640   1054    147
     1    16   1642   1049    147
     1    16   1644   1045    147
     1    16   1646   1040    147
     1    16   1648   1034    147
     1    16   1649   1031    147
     1    16   1651   1025    147
     1    16   1652   1018    147
     1    16   1652   1015    147
     1    16   1652   1010    147
     1    16   1652   1004    147
     1    16   1652    997    147
     1    17   1507   1028    143
     1    17   1507   1026    143
     1    17   1507   1028    143
     1    17   1508   1031    143
     1    17   1508   1033    143
     1    17   1509   1036    143
     1    17   1513   1043    143
     1    17   1515   1048    143
     1    17   1518   1052    143
     1    17   1523   1057    143
     1    17   1527   1061    143
     1    17   1531   1065    143
     1    17   1537   1071    143
     1    17   1540   1073    143
     1    17   1544   1076    143
     1    17   1546   1078    143
     1    17   1551   1080    143
     1    17   1557   1084    143
     1    17   1560   1085    143
     1    17   1564   1086    143
     1    17   1569   1088    143
     1    17   1572   1088    143
     1    17   1578   1089    143
     1    17   1582   1090    143
     1    17   1587   1090    143
     1    17   1592   1089    143
     1    17   1597   1089    143
     1    17   1604   1086    143
     1    17   1609   1084    143
     1    17   1613   1082    143
     1    17   1616   1080    143
     1    17   1621   1077    143
     1    17   1623   1077    143
     1    17   1626   1076    143
     1    17   1630   1074    143
     1    17   1635   1069    143
     1    17   1637   1066    143
     1    17   1639   1063    143
     1    17   1641   1058    143
     1    17   1643   1053    143
     1    17   1646   1049    143
     1    17   1647   1047    143
     1    17   1648   1045    143
     1    17   1651   1036    143
     1    17   1652   1033    143
     1    17   1654   1027    143
     1    17   1654   1025    143
     1    17   1655   1019    143
     1    17   1655   1014    143
     1    17   1655   1009    143
     1    17   1655   1002    143
     1    17   1654    998    143
     1    17   1653    993    143
     1    17   1653    987    143
     1    17   1652    983    143
     1    17   1651    979    143
     1    17   1648    975    143
     1    17   1646    972    143
     1    17   1644    970    143
     1    17   1641    969    143
     1    17   1639    967    143
     1    17   1634    965    143
     1    17   1632    963    143
     1    17   1630    961    143
     1    17   1626    958    143
     1    17   1622    955    143
     1    17   1618    952    143
     1    17   1616    949    143
     1    17   1613    948    143
     1    17   1606    945    143
     1    17   1602    944    143
     1    17   1598    944    143
     1    17   1593    944    143
     1    17   1588    944    143
     1    17   1580    944    143
     1    17   1574    944    143
     1    17   1569    944    143
     1    17   1565    944    143
     1    17   1562    944    143
     1    17   1554    945    143
     1    17   1551    945    143
     1    17   1548    946    143
     1    17   1545    947    143
     1    17   1541    950    143
     1    17   1538    951    143
     1    17   1536    953    143
     1    17   1534    954    143
     1    17   1530    957    143
     1    17   1527    960    143
     1    17   1524    964    143
     1    17   1521    968    143
     1    17   1517    975    143
     1    17   1514    980    143
     1    17   1513    983    143
     1    17   1511    989    143
     1    17   1510    993    143
     1    17   1508    998    143
     1    17   1507   1002    143
     1    17   1506   1005    143
     1    17   1505   1008    143
     1    17   1505   1011    143
     1    17   1505   1018    143
     1    17   1505   1021    143
     1    17   1506   1024    143
     1    18   1520   1064    139
     1    18   1521   1064    139
     1    18   1525   1067    139
     1    18   1529   1069    139
     1    18   1533   1071    139
     1    18   1537   1074    139
     1    18   1544   1078    139
     1    18   1548   1080    139
     1    18   1553   1081    139
     1    18   1557   1083    139
     1    18   1560   1084    139
     1    18   1565   1086    139
     1    18   1570   1088    139
     1    18   1574   1089    139
     1    18   1579   1090    139
     1    18   1584   1090    139
     1    18   1589   1091    139
     1    18   1597   1091    139
     1    18   1601   1091    139
     1    18   1608   1088    139
     1    18   1615   1086    139
     1    18   1619   1084    139
     1    18   1624   1081    139
     1    18   1631   1078    139
     1    18   1634   1076    139
     1    18   1636   1074    139
     1    18   1640   1071    139
     1    18   1645   1066    139
     1    18   1647   1063    139
     1    18   1650   1059    139
     1    18   1652   1055    139
     1    18   1653   1053    139
     1    18   1654   1051    139
     1    18   1655   1048    139
     1    18   1656   1046    139
     1    18   1657   1040    139
     1    18   1657   1035    139
     1    18   1657   1030    139
     1    18   1657   1025    139
     1    18   1657   1020    139
     1    18   1656   1018    139
     1    18   1655   1013    139
     1    18   1652   1008    139
     1    18   1649   1000    139
     1    18   1646    995    139
     1    18   1643    988    139
     1    18   1639    982    139
     1    18   1636    978    139
     1    18   1632    975    139
     1    18   1630    974    139
     1    18   1625    971    139
     1    18   1621    968    139
     1    18   1616    966    139
     1    18   1611    963    139
     1    18   1609    961    139
     1    18   1607    960    139
     1    18   1604    959    139
     1    18   1600    958    139
     1    18   1596    958    139
     1    18   1591    958    139
     1    18   1586    958    139
     1    18   1581    958    139
     1    18   1576    958    139
     1    18   1572    958    139
     1    18   1569    958    139
     1    18   1566    959    139
     1    18   1560    961    139
     1    18   1555    963    139
     1    18   1550    965    139
     1    18   1545    969    139
     1    18   1539    972    139
     1    18   1537    974    139
     1    18   1535    975    139
     1    18   1531    979    139
     1    18   1527    982    139
     1    18   1525    986    139
     1    18   1522    991    139
     1    18   1518    997    139
     1    18   1516   1000    139
     1    18   1515   1003    139
     1    18   1513   1009    139
     1    18   1511   1017    139
     1    18   1510   1021    139
     1    18   1510   1028    139
     1    18   1510   1032    139
     1    18   1510   1038    139
     1    18   1510   1043    139
     1    18   1510   1046    139
     1    18   1511   1049    139
     1    18   1512   1052    139
     1    18   1513   1055    139
     1    18   1515   1058    139
     1    18   1519   1062    139
     1    19   1519   1033    135
     1    19   1520   1034    135
     1    19   1521   1039    135
     1    19   1524   1043    135
     1    19   1527   1047    135
     1    19   1531   1051    135
     1    19   1534   1055    135
     1    19   1537   1058    135
     1    19   1541   1062    135
     1    19   1546   1066    135
     1    19   1553   1070    135
     1    19   1558   1071    135
     1    19   1563   1073    135
     1    19   1567   1074    135
     1    19   1571   1075    135
     1    19   1576   1076    135
     1    19   1580   1076    135
     1    19   1584   1076    135
     1    19   1589   1076    135
     1    19   1596   1076    135
     1    19   1601   1076    135
     1    19   1606   1076    135
     1    19   1610   1076    135
     1    19   1613   1075    135
     1    19   1616   1074    135
     1    19   1620   1072    135
     1    19   1625   1068    135
     1    19   1630   1064    135
     1    19   1633   1061    135
     1    19   1638   1057    135
     1    19   1642   1054    135
     1    19   1647   1049    135
     1    19   1649   1047    135
     1    19   1651   1045    135
     1    19   1652   1043    135
     1    19   1653   1040    135
     1    19   1654   1038    135
     1    19   1654   1032    135
     1    19   1654   1027    135
     1    19   1655   1022    135
     1    19   1655   1017    135
     1    19   1655   1013    135
     1    19   1655   1005    135
     1    19   1654    999    135
     1    19   1653    996    135
     1    19   1650    990    135
     1    19   1649    988    135
     1    19   1646    983    135
     1    19   1642    979    135
     1    19   1641    977    135
     1    19   1638    973    135
     1    19   1636    971    135
     1    19   1632    967    135
     1    19   1628    962    135
     1    19   1622    956    135
     1    19   1620    954    135
     1    19   1614    949    135
     1    19   1612    947    135
     1    19   1610    945    135
     1    19   1607    944    135
     1    19   1604    943    135
     1    19   1602    943    135
     1    19   1596    942    135
     1    19   1591    942    135
     1    19   1586    942    135
     1    19   1582    943    135
     1    19   1575    945    135
     1    19   1572    945    135
     1    19   1567    947    135
     1    19   1564    947    135
     1    19   1556    950    135
     1    19   1552    951    135
     1    19   1548    953    135
     1    19   1544    956    135
     1    19   1540    958    135
     1    19   1536    961    135
     1    19   1533    964    135
     1    19   1530    967    135
     1    19   1528    971    135
     1    19   1527    975    135
     1    19   1524    982    135
     1    19   1522    987    135
     1    19   1520    995    135
     1    19   1517   1000    135
     1    19   1516   1004    135
     1    19   1514   1015    135
     1    19   1514   1019    135
     1    19   1514   1023    135
     1    19   1515   1026    135
     1    19   1517   1029    135
     1    19   1519   1032    135
     1    20   1534   1039    131
     1    20   1534   1039    131
     1    20   1536   1049    131
     1    20   1539   1053    131
     1    20   1541   1057    131
     1    20   1545   1060    131
     1    20   1549   1063    131
     1    20   1551   1065    131
     1    20   1556   1068    131
     1    20   1563   1071    131
     1    20   1568   1073    131
     1    20   1571   1073    131
     1    20   1579   1074    131
     1    20   1584   1074    131
     1    20   1590   1074    131
     1    20   1596   1074    131
     1    20   1604   1072    131
     1    20   1607   1071    131
     1    20   1612   1070    131
     1    20   1616   1068    131
     1    20   1619   1066    131
     1    20   1624   1063    131
     1    20   1627   1062    131
     1    20   1632   1060    131
     1    20   1635   1058    131
     1    20   1640   1053    131
     1    20   1644   1050    131
     1    20   1646   1047    131
     1    20   1647   1043    131
     1    20   1649   1040    131
     1    20   1649   1037    131
     1    20   1649   1031    131
     1    20   1649   1026    131
     1    20   1649   1022    131
     1    20   1649   1018    131
     1    20   1649   1014    131
     1    20   1648   1010    131
     1    20   1646   1002    131
     1    20   1644    997    131
     1    20   1642    993    131
     1    20   1640    988    131
     1    20   1638    986    131
     1    20   1634    982    131
     1    20   1629    979    131
     1    20   1626    977    131
     1    20   1621    974    131
     1    20   1616    971    131
     1    20   1611    970    131
     1    20   1608    969    131
     1    20   1605    968    131
     1    20   1597    968    131
     1    20   1591    968    131
     1    20   1585    968    131
     1    20   1581    968    131
     1    20   1576    969    131
     1    20   1572    970    131
     1    20   1566    972    131
     1    20   1560    974    131
     1    20   1558    976    131
     1    20   1552    980    131
     1    20   1549    984    131
     1    20   1544    990    131
     1    20   1541    994    131
     1    20   1537    999    131
     1    20   1533   1006    131
     1    20   1532   1009    131
     1    20   1532   1016    131
     1    20   1530   1022    131
     1    20   1530   1025    131
     1    20   1530   1028    131
     1    20   1530   1030    131
     1    20   1531   1033    131
     1    20   1532   1037    131
     1    21   1525   1026    127
     1    21   1525   1024    127
     1    21   1525   1021    127
     1    21   1525   1021    127
     1    21   1525   1031    127
     1    21   1525   1036    127
     1    21   1525   1038    127
     1    21   1526   1041    127
     1    21   1527   1043    127
     1    21   1528   1045    127
     1    21   1530   1048    127
     1    21   1531   1050    127
     1    21   1535   1053    127
     1    21   1537   1055    127
     1    21   1539   1057    127
     1    21   1544   1060    127
     1    21   1549   1063    127
     1    21   1552   1064    127
     1    21   1556   1065    127
     1    21   1561   1066    127
     1    21   1564   1067    127
     1    21   1568   1067    127
     1    21   1574   1067    127
     1    21   1578   1067    127
     1    21   1584   1067    127
     1    21   1589   1067    127
     1    21   1594   1067    127
     1    21   1598   1067    127
     1    21   1601   1066    127
     1    21   1605   1064    127
     1    21   1608   1062    127
     1    21   1614   1060    127
     1    21   1616   1059    127
     1    21   1619   1057    127
     1    21   1625   1054    127
     1    21   1628   1052    127
     1    21   1631   1049    127
     1    21   1635   1046    127
     1    21   1638   1041    127
     1    21   1640   1037    127
     1    21   1643   1032    127
     1    21   1644   1028    127
     1    21   1644   1022    127
     1    21   1644   1017    127
     1    21   1644   1009    127
     1    21   1644   1006    127
     1    21   1643   1003    127
     1    21   1642   1000    127
     1    21   1640    995    127
     1    21   1636    988    127
     1    21   1630    982    127
     1    21   1627    979    127
     1    21   1625    978    127
     1    21   1620    975    127
     1    21   1615    973    127
     1    21   1612    973    127
     1    21   1610    972    127
     1    21   1604    972    127
     1    21   1600    972    127
     1    21   1595    972    127
     1    21   1590    972    127
     1    21   1585    973    127
     1    21   1581    975    127
     1    21   1577    976    127
     1    21   1572    978    127
     1    21   1567    979    127
     1    21   1565    980    127
     1    21   1561    982    127
     1    21   1555    984    127
     1    21   1551    986    127
     1    21   1547    987    127
     1    21   1542    991    127
     1    21   1538    994    127
     1    21   1532    999    127
     1    21   1530   1003    127
     1    21   1528   1007    127
     1    21   1526   1013    127
     1    21   1525   1019    127
     1    22   1523    994    123
     1    22   1523    994    123
     1    22   1523    997    123
     1    22   1522   1004    123
     1    22   1522   1009    123
     1    22   1522   1012    123
     1    22   1523   1014    123
     1    22   1525   1022    123
     1    22   1525   1026    123
     1    22   1527   1030    123
     1    22   1528   1033    123
     1    22   1531   1038    123
     1    22   1532   1040    123
     1    22   1534   1042    123
     1    22   1537   1046    123
     1    22   1540   1050    123
     1    22   1545   1055    123
     1    22   1548   1057    123
     1    22   1551   1059    123
     1    22   1557   1062    123
     1    22   1563   1064    123
     1    22   1566   1065    123
     1    22   1572   1066    123
     1    22   1578   1067    123
     1    22   1586   1067    123
     1    22   1589   1067    123
     1    22   1593   1067    123
     1    22   1596   1066    123
     1    22   1601   1064    123
     1    22   1606   1063    123
     1    22   1611   1060    123
     1    22   1614   1059    123
     1    22   1619   1056    123
     1    22   1625   1051    123
     1    22   1631   1046    123
     1    22   1633   1043    123
     1    22   1634   1040    123
     1    22   1637   1036    123
     1    22   1639   1032    123
     1    22   1640   1029    123
     1    22   1641   1026    123
     1    22   1641   1021    123
     1    22   1641   1015    123
     1    22   1641   1009    123
     1    22   1640   1005    123
     1    22   1639   1000    123
     1    22   1637    996    123
     1    22   1636    992    123
     1    22   1634    988    123
     1    22   1633    985    123
     1    22   1627    979    123
     1    22   1624    976    123
     1    22   1617    973    123
     1    22   1612    971    123
     1    22   1608    970    123
     1    22   1604    969    123
     1    22   1599    968    123
     1    22   1596    967    123
     1    22   1594    967    123
     1    22   1591    966    123
     1    22   1587    966    123
     1    22   1582    966    123
     1    22   1577    966    123
     1    22   1573    966    123
     1    22   1564    966    123
     1    22   1560    967    123
     1    22   1555    968    123
     1    22   1548    969    123
     1    22   1543    970    123
     1    22   1539    971    123
     1    22   1536    973    123
     1    22   1533    975    123
     1    22   1528    980    123
     1    22   1526    983    123
     1    22   1523    991    123
     1    23   1561   1064    119
     1    23   1562   1064    119
     1    23   1571   1065    119
     1    23   1576   1066    119
     1    23   1581   1066    119
     1    23   1588   1066    119
     1    23   1592   1066    119
     1    23   1595   1065    119
     1    23   1597   1064    119
     1    23   1603   1062    119
     1    23   1606   1061    119
     1    23   1609   1059    119
     1    23   1616   1055    119
     1    23   1618   1053    119
     1    23   1620   1052    119
     1    23   1625   1047    119
     1    23   1628   1044    119
     1    23   1630   1042    119
     1    23   1633   1036    119
     1    23   1636   1029    119
     1    23   1638   1025    119
     1    23   1639   1022    119
     1    23   1639   1016    119
     1    23   1639   1011    119
     1    23   1639   1005    119
     1    23   1639    999    119
     1    23   1639    994    119
     1    23   1639    990    119
     1    23   1639    985    119
     1    23   1638    981    119
     1    23   1636    976    119
     1    23   1634    971    119
     1    23   1632    967    119
     1    23   1627    962    119
     1    23   1625    960    119
     1    23   1620    957    119
     1    23   1615    955    119
     1    23   1611    952    119
     1    23   1606    949    119
     1    23   1600    947    119
     1    23   1595    945    119
     1    23   1590    945    119
     1    23   1584    945    119
     1    23   1579    945    119
     1    23   1575    945    119
     1    23   1571    945    119
     1    23   1567    946    119
     1    23   1562    948    119
     1    23   1557    950    119
     1    23   1554    952    119
     1    23   1550    955    119
     1    23   1545    957    119
     1    23   1542    960    119
     1    23   1535    965    119
     1    23   1531    968    119
     1    23   1526    972    119
     1    23   1524    974    119
     1    23   1521    979    119
     1    23   1518    984    119
     1    23   1515    991    119
     1    23   1513    994    119
     1    23   1512    996    119
     1    23   1512    999    119
     1    23   1511   1002    119
     1    23   1511   1007    119
     1    23   1511   1009    119
     1    23   1511   1012    119
     1    23   1513   1018    119
     1    23   1514   1021    119
     1    23   1515   1024    119
     1    23   1517   1030    119
     1    23   1519   1034    119
     1    23   1521   1037    119
     1    23   1524   1041    119
     1    23   1528   1046    119
     1    23   1532   1050    119
     1    23   1535   1053    119
     1    23   1539   1057    119
     1    23   1541   1059    119
     1    23   1544   1061    119
     1    23   1547   1063    119
     1    23   1550   1064    119
     1    23   1554   1064    119
     1    23   1557   1064    119
     1    23   1561   1064    119
     1    24   1591    959    115
     1    24   1584    963    115
     1    24   1580    964    115
     1    24   1575    964    115
     1    24   1572    964    115
     1    24   1570    965    115
     1    24   1565    967    115
     1    24   1563    968    115
     1    24   1560    970    115
     1    24   1555    974    115
     1    24   1551    978    115
     1    24   1547    981    115
     1    24   1541    986    115
     1    24   1538    989    115
     1    24   1537    991    115
     1    24   1533    999    115
     1    24   1531   1002    115
     1    24   1530   1010    115
     1    24   1530   1018    115
     1    24   1531   1024    115
     1    24   1532   1027    115
     1    24   1534   1033    115
     1    24   1536   1037    115
     1    24   1539   1042    115
     1    24   1541   1045    115
     1    24   1545   1049    115
     1    24   1547   1051    115
     1    24   1550   1054    115
     1    24   1554   1057    115
     1    24   1556   1059    115
     1    24   1558   1061    115
     1    24   1563   1063    115
     1    24   1568   1065    115
     1    24   1574   1067    115
     1    24   1579   1067    115
     1    24   1584   1067    115
     1    24   1589   1067    115
     1    24   1593   1067    115
     1    24   1597   1065    115
     1    24   1603   1063    115
     1    24   1606   1061    115
     1    24   1610   1058    115
     1    24   1614   1056    115
     1    24   1617   1055    115
     1    24   1621   1051    115
     1    24   1624   1048    115
     1    24   1628   1044    115
     1    24   1630   1042    115
     1    24   1631   1039    115
     1    24   1634   1031    115
     1    24   1634   1029    115
     1    24   1635   1026    115
     1    24   1636   1020    115
     1    24   1636   1015    115
     1    24   1636   1010    115
     1    24   1636   1006    115
     1    24   1636   1000    115
     1    24   1636    995    115
     1    24   1636    991    115
     1    24   1634    984    115
     1    24   1632    979    115
     1    24   1630    975    115
     1    24   1626    969    115
     1    24   1621    964    115
     1    24   1618    961    115
     1    24   1615    960    115
     1    24   1612    958    115
     1    24   1608    957    115
     1    24   1600    957    115
     1    24   1596    958    115
     1    24   1594    958    115
     1    24   1591    959    115
     1    24   1589    960    115
     1    25   1621    970    111
     1    25   1617    967    111
     1    25   1613    966    111
     1    25   1609    964    111
     1    25   1602    962    111
     1    25   1597    962    111
     1    25   1591    962    111
     1    25   1583    961    111
     1    25   1578    961    111
     1    25   1570    961    111
     1    25   1567    961    111
     1    25   1563    962    111
     1    25   1555    965    111
     1    25   1552    966    111
     1    25   1549    967    111
     1    25   1547    969    111
     1    25   1544    971    111
     1    25   1541    974    111
     1    25   1537    980    111
     1    25   1535    982    111
     1    25   1532    987    111
     1    25   1531    991    111
     1    25   1530    996    111
     1    25   1530   1001    111
     1    25   1529   1006    111
     1    25   1529   1012    111
     1    25   1529   1019    111
     1    25   1530   1022    111
     1    25   1530   1024    111
     1    25   1534   1029    111
     1    25   1537   1034    111
     1    25   1540   1039    111
     1    25   1543   1042    111
     1    25   1547   1046    111
     1    25   1548   1048    111
     1    25   1551   1053    111
     1    25   1554   1056    111
     1    25   1557   1059    111
     1    25   1561   1061    111
     1    25   1564   1062    111
     1    25   1568   1063    111
     1    25   1572   1063    111
     1    25   1577   1063    111
     1    25   1584   1062    111
     1    25   1589   1064    111
     1    25   1593   1065    111
     1    25   1598   1065    111
     1    25   1603   1066    111
     1    25   1605   1065    111
     1    25   1608   1065    111
     1    25   1613   1064    111
     1    25   1616   1063    111
     1    25   1621   1061    111
     1    25   1623   1060    111
     1    25   1627   1058    111
     1    25   1631   1056    111
     1    25   1635   1053    111
     1    25   1639   1050    111
     1    25   1641   1047    111
     1    25   1642   1045    111
     1    25   1644   1042    111
     1    25   1647   1035    111
     1    25   1649   1031    111
     1    25   1649   1025    111
     1    25   1649   1020    111
     1    25   1649   1015    111
     1    25   1649   1010    111
     1    25   1649   1005    111
     1    25   1649   1000    111
     1    25   1649    996    111
     1    25   1648    992    111
     1    25   1646    988    111
     1    25   1641    982    111
     1    25   1638    980    111
     1    25   1634    977    111
     1    25   1629    975    111
     1    25   1627    973    111
     1    26   1553    952    107
     1    26   1549    955    107
     1    26   1544    958    107
     1    26   1539    963    107
     1    26   1537    967    107
     1    26   1535    972    107
     1    26   1534    977    107
     1    26   1532    982    107
     1    26   1531    984    107
     1    26   1530    992    107
     1    26   1529    995    107
     1    26   1529    997    107
     1    26   1529   1002    107
     1    26   1529   1006    107
     1    26   1529   1011    107
     1    26   1529   1014    107
     1    26   1531   1020    107
     1    26   1533   1026    107
     1    26   1534   1030    107
     1    26   1536   1035    107
     1    26   1537   1038    107
     1    26   1539   1041    107
     1    26   1543   1045    107
     1    26   1546   1049    107
     1    26   1551   1054    107
     1    26   1553   1056    107
     1    26   1556   1058    107
     1    26   1558   1060    107
     1    26   1565   1062    107
     1    26   1570   1063    107
     1    26   1578   1064    107
     1    26   1585   1064    107
     1    26   1590   1064    107
     1    26   1596   1064    107
     1    26   1599   1064    107
     1    26   1602   1063    107
     1    26   1605   1061    107
     1    26   1609   1059    107
     1    26   1614   1055    107
     1    26   1619   1051    107
     1    26   1621   1047    107
     1    26   1623   1045    107
     1    26   1624   1042    107
     1    26   1626   1037    107
     1    26   1626   1034    107
     1    26   1627   1027    107
     1    26   1627   1019    107
     1    26   1627   1017    107
     1    26   1626   1013    107
     1    26   1625   1009    107
     1    26   1625   1003    107
     1    26   1625    997    107
     1    26   1625    994    107
     1    26   1625    989    107
     1    26   1625    984    107
     1    26   1625    980    107
     1    26   1625    974    107
     1    26   1625    968    107
     1    26   1624    965    107
     1    26   1621    960    107
     1    26   1619    957    107
     1    26   1613    951    107
     1    26   1606    946    107
     1    26   1599    944    107
     1    26   1593    943    107
     1    26   1589    942    107
     1    26   1584    942    107
     1    26   1580    943    107
     1    26   1576    944    107
     1    26   1571    946    107
     1    26   1566    948    107
     1    26   1563    949    107
     1    26   1558    951    107
     1    27   1537    980    103
     1    27   1535    984    103
     1    27   1533    988    103
     1    27   1531    998    103
     1    27   1530   1003    103
     1    27   1531   1008    103
     1    27   1532   1013    103
     1    27   1533   1017    103
     1    27   1534   1024    103
     1    27   1535   1029    103
     1    27   1535   1033    103
     1    27   1537   1038    103
     1    27   1537   1041    103
     1    27   1538   1045    103
     1    27   1540   1048    103
     1    27   1542   1051    103
     1    27   1546   1055    103
     1    27   1549   1059    103
     1    27   1553   1062    103
     1    27   1560   1065    103
     1    27   1567   1067    103
     1    27   1572   1067    103
     1    27   1580   1067    103
     1    27   1583   1067    103
     1    27   1585   1066    103
     1    27   1588   1065    103
     1    27   1593   1064    103
     1    27   1595   1063    103
     1    27   1602   1060    103
     1    27   1605   1059    103
     1    27   1609   1057    103
     1    27   1614   1054    103
     1    27   1618   1052    103
     1    27   1621   1049    103
     1    27   1625   1046    103
     1    27   1629   1042    103
     1    27   1631   1039    103
     1    27   1632   1036    103
     1    27   1634   1033    103
     1    27   1635   1027    103
     1    27   1635   1023    103
     1    27   1635   1018    103
     1    27   1635   1014    103
     1    27   1635   1010    103
     1    27   1634   1006    103
     1    27   1632   1002    103
     1    27   1630    999    103
     1    27   1626    994    103
     1    27   1622    990    103
     1    27   1619    987    103
     1    27   1615    984    103
     1    27   1612    981    103
     1    27   1608    978    103
     1    27   1604    976    103
     1    27   1601    975    103
     1    27   1598    974    103
     1    27   1593    973    103
     1    27   1588    972    103
     1    27   1585    971    103
     1    27   1582    970    103
     1    27   1577    970    103
     1    27   1572    969    103
     1    27   1570    969    103
     1    27   1564    969    103
     1    27   1554    969    103
     1    27   1549    970    103
     1    27   1545    972    103
     1    28   1524   1020    211
     1    28   1524   1019    211
     1    28   1523   1017    211
     1    28   1523   1018    211
     1    28   1525   1022    211
     1    28   1526   1027    211
     1    28   1526   1032    211
     1    28   1526   1036    211
     1    28   1526   1041    211
     1    28   1526   1046    211
     1    28   1528   1051    211
     1    28   1530   1055    211
     1    28   1534   1060    211
     1    28   1538   1064    211
     1    28   1544   1068    211
     1    28   1549   1070    211
     1    28   1554   1073    211
     1    28   1558   1075    211
     1    28   1565   1079    211
     1    28   1566   1080    211
     1    28   1569   1082    211
     1    28   1574   1085    211
     1    28   1581   1087    211
     1    28   1585   1088    211
     1    28   1590   1088    211
     1    28   1596   1088    211
     1    28   1602   1088    211
     1    28   1606   1088    211
     1    28   1610   1087    211
     1    28   1617   1083    211
     1    28   1619   1082    211
     1    28   1622   1080    211
     1    28   1624   1077    211
     1    28   1626   1075    211
     1    28   1628   1070    211
     1    28   1630   1066    211
     1    28   1631   1061    211
     1    28   1632   1054    211
     1    28   1634   1049    211
     1    28   1635   1045    211
     1    28   1635   1040    211
     1    28   1636   1037    211
     1    28   1636   1031    211
     1    28   1636   1025    211
     1    28   1637   1020    211
     1    28   1637   1018    211
     1    28   1637   1015    211
     1    28   1638   1010    211
     1    28   1640   1004    211
     1    28   1640   1001    211
     1    28   1640    995    211
     1    28   1640    991    211
     1    28   1640    985    211
     1    28   1640    979    211
     1    28   1640    974    211
     1    28   1639    969    211
     1    28   1637    965    211
     1    28   1634    958    211
     1    28   1629    953    211
     1    28   1623    949    211
     1    28   1619    945    211
     1    28   1615    942    211
     1    28   1612    940    211
     1    28   1607    939    211
     1    28   1603    937    211
     1    28   1597    936    211
     1    28   1590    936    211
     1    28   1586    936    211
     1    28   1583    937    211
     1    28   1576    940    211
     1    28   1574    942    211
     1    28   1568    947    211
     1    28   1562    954    211
     1    28   1556    961    211
     1    28   1552    964    211
     1    28   1547    970    211
     1    28   1543    974    211
     1    28   1537    979    211
     1    28   1536    981    211
     1    28   1533    985    211
     1    28   1530    988    211
     1    28   1526    993    211
     1    28   1525    995    211
     1    28   1523    998    211
     1    28   1522   1001    211
     1    28   1522   1009    211
     1    28   1522   1013    211
     1    28   1523   1017    211
     1    29   1531   1000    215
     1    29   1527   1003    215
     1    29   1524   1007    215
     1    29   1521   1011    215
     1    29   1520   1016    215
     1    29   1519   1021    215
     1    29   1519   1026    215
     1    29   1520   1029    215
     1    29   1521   1031    215
     1    29   1523   1036    215
     1    29   1524   1038    215
     1    29   1526   1041    215
     1    29   1529   1045    215
     1    29   1531   1047    215
     1    29   1532   1049    215
     1    29   1535   1051    215
     1    29   1537   1053    215
     1    29   1543   1057    215
     1    29   1547   1058    215
     1    29   1551   1059    215
     1    29   1556   1060    215
     1    29   1561   1068    215
     1    29   1562   1071    215
     1    29   1567   1075    215
     1    29   1569   1077    215
     1    29   1577   1080    215
     1    29   1579   1080    215
     1    29   1587   1080    215
     1    29   1593   1080    215
     1    29   1596   1080    215
     1    29   1599   1079    215
     1    29   1603   1077    215
     1    29   1607   1075    215
     1    29   1614   1072    215
     1    29   1618   1069    215
     1    29   1624   1064    215
     1    29   1626   1062    215
     1    29   1630   1058    215
     1    29   1632   1056    215
     1    29   1633   1054    215
     1    29   1637   1048    215
     1    29   1640   1043    215
     1    29   1643   1038    215
     1    29   1646   1032    215
     1    29   1646   1029    215
     1    29   1647   1027    215
     1    29   1647   1024    215
     1    29   1647   1018    215
     1    29   1647   1013    215
     1    29   1646   1009    215
     1    29   1645   1004    215
     1    29   1644    999    215
     1    29   1644    995    215
     1    29   1644    991    215
     1    29   1643    987    215
     1    29   1639    980    215
     1    29   1635    976    215
     1    29   1632    972    215
     1    29   1628    968    215
     1    29   1626    967    215
     1    29   1622    964    215
     1    29   1619    962    215
     1    29   1615    961    215
     1    29   1608    959    215
     1    29   1606    959    215
     1    29   1603    958    215
     1    29   1598    958    215
     1    29   1593    958    215
     1    29   1587    958    215
     1    29   1583    958    215
     1    29   1577    958    215
     1    29   1573    958    215
     1    29   1568    958    215
     1    29   1564    959    215
     1    29   1561    960    215
     1    29   1557    962    215
     1    29   1554    964    215
     1    29   1547    969    215
     1    29   1545    972    215
     1    29   1543    974    215
     1    29   1541    980    215
     1    29   1540    985    215
     1    29   1538    991    215
     1    29   1535    996    215
