     1   1312    742    201
     1   1331    844    183
     1   1339    925    166
     1   1345    984    154
     1   1349   1013    149
     3   1687   1426    178
     3   1693   1388    177
     3   1701   1344    176
     3   1702   1300    174
     3   1700   1263    172
     3   1697   1204    168
     3   1692   1190    166
     6   1529   1391    126
     6   1540   1361    125
     6   1556   1330    125
     6   1576   1292    124
     6   1604   1247    125
     6   1633   1200    108
     6   1679   1134     87
     6   1701   1098     76
     6   1727   1071     68
    50   1885    748     84
    50   1838    715     91
    50   1811    700     95
    50   1787    695     99
    50   1746    690    107
    51   1765    826     40
    51   1784    683     31
    52   1759    620     44
    52   1743    738     49
    54   1887    643     87
    54   1834    675     54
    54   1783    705     23
