     1     1    915    902    120
     1     1    922    897    120
     1     1    932    885    120
     1     1    942    880    120
     1     1    951    870    120
     1     1    963    862    120
     1     1    973    850    120
     1     1    981    841    120
     1     1    990    825    120
     1     1    997    810    120
     1     1   1002    799    120
     1     1   1009    787    120
     1     1   1009    787    120
     1     1   1015    762    120
     1     1   1015    744    120
     1     1   1016    722    120
     1     1   1014    699    120
     1     1   1015    665    120
     1     1   1013    637    120
     1     1   1012    612    120
     1     1   1015    594    120
     1     1   1021    577    120
     1     1   1021    577    120
     1     1   1033    565    120
     1     1   1041    555    120
     1     1   1063    544    120
     1     1   1078    541    120
     1     1   1088    539    120
     1     1   1106    541    120
     1     1   1118    544    120
     1     1   1127    553    120
     1     1   1134    569    120
     1     1   1138    593    120
     1     1   1141    614    120
     1     1   1142    630    120
     1     1   1139    648    120
     1     1   1137    667    120
     1     1   1131    687    120
     1     1   1121    705    120
     1     1   1109    728    120
     1     1   1104    741    120
     1     1   1100    753    120
     1     1   1096    762    120
     1     1   1097    773    120
     1     1   1107    788    120
     1     1   1113    797    120
     1     1   1125    814    120
     1     1   1135    829    120
     1     1   1151    839    120
     1     1   1163    843    120
     1     1   1174    851    120
     1     2    919    902    122
     1     2    931    889    122
     1     2    941    878    122
     1     2    952    866    122
     1     2    956    863    122
     1     2    956    863    122
     1     2    965    855    122
     1     2    973    848    122
     1     2    981    837    122
     1     2    981    837    122
     1     2    987    829    122
     1     2    993    814    122
     1     2   1000    797    122
     1     2   1008    781    122
     1     2   1007    781    122
     1     2   1013    763    122
     1     2   1014    751    122
     1     2   1013    725    122
     1     2   1009    711    122
     1     2   1009    703    122
     1     2   1009    683    122
     1     2   1010    660    122
     1     2   1009    640    122
     1     2   1009    629    122
     1     2   1012    609    122
     1     2   1012    609    122
     1     2   1015    591    122
     1     2   1023    569    122
     1     2   1023    569    122
     1     2   1041    554    122
     1     2   1052    547    122
     1     2   1065    541    122
     1     2   1075    538    122
     1     2   1088    535    122
     1     2   1104    538    122
     1     2   1129    559    122
     1     2   1139    573    122
     1     2   1142    595    122
     1     2   1140    615    122
     1     2   1136    643    122
     1     2   1136    643    122
     1     2   1132    668    122
     1     2   1126    693    122
     1     2   1118    710    122
     1     2   1111    723    122
     1     2   1102    742    122
     1     2   1097    754    122
     1     2   1100    766    122
     1     2   1109    789    122
     1     2   1118    802    122
     1     2   1127    817    122
     1     2   1145    833    122
     1     2   1163    845    122
     1     3    948    866    124
     1     3    959    856    124
     1     3    971    845    124
     1     3    982    836    124
     1     3    991    825    124
     1     3    997    808    124
     1     3   1005    790    124
     1     3   1011    773    124
     1     3   1012    758    124
     1     3   1013    741    124
     1     3   1012    725    124
     1     3   1010    708    124
     1     3   1007    694    124
     1     3   1007    667    124
     1     3   1005    645    124
     1     3   1008    619    124
     1     3   1011    610    124
     1     3   1015    590    124
     1     3   1020    579    124
     1     3   1019    580    124
     1     3   1023    572    124
     1     3   1031    563    124
     1     3   1030    564    124
     1     3   1044    555    124
     1     3   1054    547    124
     1     3   1067    538    124
     1     3   1081    536    124
     1     3   1094    537    124
     1     3   1107    544    124
     1     3   1120    551    124
     1     3   1120    552    124
     1     3   1135    571    124
     1     3   1145    594    124
     1     3   1148    613    124
     1     3   1146    627    124
     1     3   1146    627    124
     1     3   1143    640    124
     1     3   1139    656    124
     1     3   1136    672    124
     1     3   1129    691    124
     1     3   1123    705    124
     1     3   1117    717    124
     1     3   1110    733    124
     1     3   1109    733    124
     1     3   1105    745    124
     1     3   1103    762    124
     1     3   1105    781    124
     1     3   1113    795    124
     1     3   1125    813    124
     1     3   1132    823    124
     1     3   1147    837    124
     1     3   1166    844    124
     1     4    951    862    126
     1     4    973    848    126
     1     4    985    837    126
     1     4    985    837    126
     1     4    994    823    126
     1     4   1005    802    126
     1     4   1012    784    126
     1     4   1017    771    126
     1     4   1017    761    126
     1     4   1019    745    126
     1     4   1019    724    126
     1     4   1017    703    126
     1     4   1015    684    126
     1     4   1013    659    126
     1     4   1012    640    126
     1     4   1013    637    126
     1     4   1012    619    126
     1     4   1012    619    126
     1     4   1015    599    126
     1     4   1023    579    126
     1     4   1023    580    126
     1     4   1032    567    126
     1     4   1046    553    126
     1     4   1063    545    126
     1     4   1079    540    126
     1     4   1093    543    126
     1     4   1117    554    126
     1     4   1125    571    126
     1     4   1132    589    126
     1     4   1132    610    126
     1     4   1130    645    126
     1     4   1127    667    126
     1     4   1127    670    126
     1     4   1121    695    126
     1     4   1117    710    126
     1     4   1117    710    126
     1     4   1109    722    126
     1     4   1104    736    126
     1     4   1102    750    126
     1     4   1101    764    126
     1     4   1102    779    126
     1     4   1105    795    126
     1     4   1113    811    126
     1     4   1121    825    126
     1     4   1121    825    126
     1     4   1135    835    126
     1     4   1134    835    126
     1     4   1144    843    126
     1     4   1161    849    126
     1     4   1173    853    126
     1     4   1184    857    126
     1     5    853    841     98
     1     5    863    851     98
     1     5    863    851     98
     1     5    874    859     98
     1     5    874    859     98
     1     5    899    871     98
     1     5    899    871     98
     1     5    932    875     98
     1     5    931    876     98
     1     5    960    871     98
     1     5    959    872     98
     1     5    976    862     98
     1     5    995    835     98
     1     5   1007    813     98
     1     5   1006    814     98
     1     5   1009    807     98
     1     5   1016    791     98
     1     5   1015    792     98
     1     5   1018    786     98
     1     5   1019    767     98
     1     5   1019    767     98
     1     5   1019    763     98
     1     5   1019    759     98
     1     5   1019    756     98
     1     5   1019    753     98
     1     5   1019    749     98
     1     5   1019    746     98
     1     5   1019    743     98
     1     5   1019    737     98
     1     5   1019    729     98
     1     5   1019    721     98
     1     5   1019    717     98
     1     5   1018    712     98
     1     5   1017    706     98
     1     5   1016    702     98
     1     5   1016    697     98
     1     5   1015    691     98
     1     5   1015    685     98
     1     5   1014    679     98
     1     5   1013    673     98
     1     5   1013    666     98
     1     5   1012    661     98
     1     5   1011    653     98
     1     5   1011    647     98
     1     5   1010    639     98
     1     5   1010    634     98
     1     5   1010    629     98
     1     5   1011    625     98
     1     5   1011    621     98
     1     5   1012    616     98
     1     5   1013    612     98
     1     5   1013    609     98
     1     5   1015    605     98
     1     5   1017    602     98
     1     5   1019    597     98
     1     5   1021    593     98
     1     5   1024    589     98
     1     5   1027    587     98
     1     5   1029    585     98
     1     5   1031    582     98
     1     5   1033    579     98
     1     5   1035    577     98
     1     5   1038    575     98
     1     5   1040    571     98
     1     5   1043    568     98
     1     5   1047    565     98
     1     5   1050    561     98
     1     5   1052    559     98
     1     5   1055    557     98
     1     5   1059    554     98
     1     5   1063    552     98
     1     5   1067    551     98
     1     5   1071    549     98
     1     5   1075    548     98
     1     5   1079    547     98
     1     5   1083    547     98
     1     5   1087    547     98
     1     5   1092    548     98
     1     5   1097    549     98
     1     5   1101    551     98
     1     5   1105    553     98
     1     5   1110    555     98
     1     5   1113    557     98
     1     5   1117    560     98
     1     5   1121    564     98
     1     5   1124    568     98
     1     5   1127    573     98
     1     5   1128    578     98
     1     5   1130    585     98
     1     5   1131    591     98
     1     5   1131    597     98
     1     5   1131    603     98
     1     5   1131    609     98
     1     5   1130    617     98
     1     5   1129    623     98
     1     5   1129    628     98
     1     5   1129    631     98
     1     5   1129    635     98
     1     5   1129    639     98
     1     5   1129    643     98
     1     5   1129    648     98
     1     5   1129    653     98
     1     5   1128    659     98
     1     5   1127    667     98
     1     5   1127    673     98
     1     5   1125    681     98
     1     5   1124    685     98
     1     5   1123    691     98
     1     5   1121    697     98
     1     5   1119    702     98
     1     5   1117    706     98
     1     5   1115    711     98
     1     5   1114    715     98
     1     5   1112    721     98
     1     5   1110    725     98
     1     5   1108    731     98
     1     5   1105    735     98
     1     5   1103    741     98
     1     5   1102    744     98
     1     5   1102    749     98
     1     5   1101    753     98
     1     5   1102    759     98
     1     5   1102    764     98
     1     5   1102    768     98
     1     5   1102    773     98
     1     5   1102    779     98
     1     5   1103    785     98
     1     5   1103    790     98
     1     5   1103    794     98
     1     5   1105    799     98
     1     5   1107    803     98
     1     5   1109    808     98
     1     5   1112    812     98
     1     5   1113    815     98
     1     5   1116    819     98
     1     5   1119    821     98
     1     5   1121    824     98
     1     5   1123    826     98
     1     5   1127    829     98
     1     5   1132    831     98
     1     5   1137    835     98
     1     5   1142    839     98
     1     5   1147    842     98
     1     5   1156    845     98
     1     5   1169    851     98
     1     5   1184    857     98
     1     5   1183    857     98
     1     6    847    839     96
     1     6    851    841     96
     1     6    853    843     96
     1     6    856    845     96
     1     6    859    847     96
     1     6    861    849     96
     1     6    864    851     96
     1     6    867    854     96
     1     6    870    857     96
     1     6    873    859     96
     1     6    875    861     96
     1     6    877    863     96
     1     6    880    865     96
     1     6    883    867     96
     1     6    887    869     96
     1     6    890    870     96
     1     6    893    871     96
     1     6    897    872     96
     1     6    900    873     96
     1     6    903    873     96
     1     6    907    875     96
     1     6    910    876     96
     1     6    913    877     96
     1     6    917    877     96
     1     6    920    877     96
     1     6    924    877     96
     1     6    927    878     96
     1     6    931    877     96
     1     6    935    877     96
     1     6    938    877     96
     1     6    941    876     96
     1     6    945    875     96
     1     6    948    873     96
     1     6    951    872     96
     1     6    955    870     96
     1     6    960    868     96
     1     6    963    867     96
     1     6    971    863     96
     1     6    975    860     96
     1     6    981    857     96
     1     6    983    855     96
     1     6    985    851     96
     1     6    987    847     96
     1     6    991    841     96
     1     6    993    838     96
     1     6    995    835     96
     1     6    997    832     96
     1     6    999    827     96
     1     6   1001    824     96
     1     6   1003    820     96
     1     6   1005    816     96
     1     6   1007    813     96
     1     6   1008    810     96
     1     6   1009    807     96
     1     6   1011    802     96
     1     6   1012    799     96
     1     6   1013    795     96
     1     6   1015    790     96
     1     6   1017    785     96
     1     6   1019    781     96
     1     6   1021    777     96
     1     6   1022    773     96
     1     6   1023    769     96
     1     6   1023    763     96
     1     6   1023    760     96
     1     6   1023    755     96
     1     6   1023    747     96
     1     6   1023    743     96
     1     6   1024    735     96
     1     6   1024    728     96
     1     6   1025    725     96
     1     6   1025    721     96
     1     6   1025    718     96
     1     6   1025    715     96
     1     6   1024    711     96
     1     6   1023    706     96
     1     6   1023    702     96
     1     6   1022    697     96
     1     6   1021    694     96
     1     6   1021    690     96
     1     6   1020    686     96
     1     6   1020    683     96
     1     6   1019    678     96
     1     6   1018    673     96
     1     6   1018    669     96
     1     6   1017    666     96
     1     6   1017    663     96
     1     6   1016    659     96
     1     6   1016    656     96
     1     6   1015    653     96
     1     6   1015    649     96
     1     6   1015    646     96
     1     6   1015    643     96
     1     6   1015    639     96
     1     6   1015    636     96
     1     6   1015    633     96
     1     6   1014    629     96
     1     6   1014    626     96
     1     6   1014    623     96
     1     6   1015    619     96
     1     6   1015    616     96
     1     6   1016    612     96
     1     6   1018    609     96
     1     6   1019    605     96
     1     6   1022    599     96
     1     6   1024    596     96
     1     6   1025    592     96
     1     6   1027    587     96
     1     6   1029    583     96
     1     6   1030    578     96
     1     6   1032    575     96
     1     6   1034    572     96
     1     6   1037    570     96
     1     6   1039    568     96
     1     6   1043    567     96
     1     6   1046    565     96
     1     6   1049    565     96
     1     6   1053    563     96
     1     6   1056    563     96
     1     6   1059    561     96
     1     6   1063    561     96
     1     6   1067    561     96
     1     6   1071    562     96
     1     6   1074    563     96
     1     6   1077    563     96
     1     6   1081    565     96
     1     6   1084    567     96
     1     6   1087    568     96
     1     6   1090    570     96
     1     6   1093    571     96
     1     6   1097    574     96
     1     6   1099    576     96
     1     6   1103    577     96
     1     6   1105    580     96
     1     6   1108    582     96
     1     6   1110    585     96
     1     6   1112    588     96
     1     6   1114    591     96
     1     6   1116    594     96
     1     6   1118    597     96
     1     6   1120    599     96
     1     6   1121    603     96
     1     6   1122    606     96
     1     6   1123    609     96
     1     6   1124    613     96
     1     6   1125    616     96
     1     6   1125    619     96
     1     6   1125    623     96
     1     6   1127    626     96
     1     6   1127    629     96
     1     6   1127    633     96
     1     6   1127    637     96
     1     6   1127    641     96
     1     6   1127    645     96
     1     6   1127    649     96
     1     6   1127    652     96
     1     6   1126    655     96
     1     6   1125    659     96
     1     6   1125    663     96
     1     6   1125    667     96
     1     6   1125    670     96
     1     6   1124    673     96
     1     6   1123    677     96
     1     6   1123    681     96
     1     6   1121    687     96
     1     6   1119    691     96
     1     6   1117    695     96
     1     6   1115    699     96
     1     6   1114    702     96
     1     6   1113    705     96
     1     6   1112    709     96
     1     6   1111    712     96
     1     6   1110    715     96
     1     6   1109    719     96
     1     6   1107    723     96
     1     6   1106    727     96
     1     6   1105    731     96
     1     6   1104    735     96
     1     6   1103    738     96
     1     6   1103    741     96
     1     6   1103    745     96
     1     6   1103    749     96
     1     6   1103    754     96
     1     6   1101    761     96
     1     6   1101    767     96
     1     6   1101    772     96
     1     6   1101    776     96
     1     6   1101    781     96
     1     6   1101    784     96
     1     6   1102    789     96
     1     6   1104    796     96
     1     6   1112    807     96
     1     6   1126    821     96
     1     6   1141    833     96
     1     6   1158    845     96
     1     6   1174    852     96
     1     6   1173    852     96
     1     6   1187    860     96
     1     7    853    838    100
     1     7    855    840    100
     1     7    857    843    100
     1     7    860    845    100
     1     7    863    847    100
     1     7    865    849    100
     1     7    869    850    100
     1     7    872    852    100
     1     7    875    854    100
     1     7    878    856    100
     1     7    881    858    100
     1     7    884    859    100
     1     7    887    861    100
     1     7    890    862    100
     1     7    893    864    100
     1     7    896    865    100
     1     7    899    867    100
     1     7    902    869    100
     1     7    905    871    100
     1     7    908    872    100
     1     7    911    873    100
     1     7    915    875    100
     1     7    918    876    100
     1     7    925    876    100
     1     7    934    876    100
     1     7    937    876    100
     1     7    941    875    100
     1     7    944    874    100
     1     7    948    873    100
     1     7    953    871    100
     1     7    957    869    100
     1     7    959    867    100
     1     7    962    865    100
     1     7    964    861    100
     1     7    966    859    100
     1     7    969    856    100
     1     7    971    853    100
     1     7    974    850    100
     1     7    976    847    100
     1     7    979    845    100
     1     7    981    842    100
     1     7    983    839    100
     1     7    985    837    100
     1     7    987    834    100
     1     7    990    831    100
     1     7    992    829    100
     1     7    994    826    100
     1     7    996    823    100
     1     7    998    820    100
     1     7    999    817    100
     1     7   1001    813    100
     1     7   1003    810    100
     1     7   1005    806    100
     1     7   1005    803    100
     1     7   1008    798    100
     1     7   1008    799    100
     1     7   1009    795    100
     1     7   1010    792    100
     1     7   1010    789    100
     1     7   1010    785    100
     1     7   1010    782    100
     1     7   1010    779    100
     1     7   1011    775    100
     1     7   1011    772    100
     1     7   1013    769    100
     1     7   1014    764    100
     1     7   1015    761    100
     1     7   1015    757    100
     1     7   1015    753    100
     1     7   1015    749    100
     1     7   1016    745    100
     1     7   1016    742    100
     1     7   1016    739    100
     1     7   1017    735    100
     1     7   1017    731    100
     1     7   1017    728    100
     1     7   1017    725    100
     1     7   1017    721    100
     1     7   1017    717    100
     1     7   1017    711    100
     1     7   1017    708    100
     1     7   1017    705    100
     1     7   1017    701    100
     1     7   1017    697    100
     1     7   1017    693    100
     1     7   1017    689    100
     1     7   1017    685    100
     1     7   1017    682    100
     1     7   1017    679    100
     1     7   1016    675    100
     1     7   1016    672    100
     1     7   1016    669    100
     1     7   1016    665    100
     1     7   1016    662    100
     1     7   1016    659    100
     1     7   1015    655    100
     1     7   1015    652    100
     1     7   1015    649    100
     1     7   1015    645    100
     1     7   1015    642    100
     1     7   1015    639    100
     1     7   1015    635    100
     1     7   1014    631    100
     1     7   1014    628    100
     1     7   1013    625    100
     1     7   1013    621    100
     1     7   1013    618    100
     1     7   1013    612    100
     1     7   1013    607    100
     1     7   1013    603    100
     1     7   1013    599    100
     1     7   1015    596    100
     1     7   1016    593    100
     1     7   1017    589    100
     1     7   1019    587    100
     1     7   1020    583    100
     1     7   1021    580    100
     1     7   1022    577    100
     1     7   1023    573    100
     1     7   1025    571    100
     1     7   1027    568    100
     1     7   1029    565    100
     1     7   1033    562    100
     1     7   1035    559    100
     1     7   1039    555    100
     1     7   1045    552    100
     1     7   1049    550    100
     1     7   1053    549    100
     1     7   1056    547    100
     1     7   1060    547    100
     1     7   1065    545    100
     1     7   1069    545    100
     1     7   1073    545    100
     1     7   1077    545    100
     1     7   1080    545    100
     1     7   1083    545    100
     1     7   1087    545    100
     1     7   1091    545    100
     1     7   1096    545    100
     1     7   1101    546    100
     1     7   1106    547    100
     1     7   1109    547    100
     1     7   1113    549    100
     1     7   1115    551    100
     1     7   1118    555    100
     1     7   1121    558    100
     1     7   1123    561    100
     1     7   1125    563    100
     1     7   1127    566    100
     1     7   1127    569    100
     1     7   1129    573    100
     1     7   1130    576    100
     1     7   1131    579    100
     1     7   1132    583    100
     1     7   1133    586    100
     1     7   1133    589    100
     1     7   1133    593    100
     1     7   1133    596    100
     1     7   1133    599    100
     1     7   1133    603    100
     1     7   1133    606    100
     1     7   1133    609    100
     1     7   1133    613    100
     1     7   1133    616    100
     1     7   1133    619    100
     1     7   1133    623    100
     1     7   1132    626    100
     1     7   1131    629    100
     1     7   1131    633    100
     1     7   1130    636    100
     1     7   1129    639    100
     1     7   1127    643    100
     1     7   1126    646    100
     1     7   1125    649    100
     1     7   1123    653    100
     1     7   1122    657    100
     1     7   1121    660    100
     1     7   1120    663    100
     1     7   1119    667    100
     1     7   1119    670    100
     1     7   1117    673    100
     1     7   1116    677    100
     1     7   1116    680    100
     1     7   1115    683    100
     1     7   1114    687    100
     1     7   1114    690    100
     1     7   1113    693    100
     1     7   1112    698    100
     1     7   1111    702    100
     1     7   1110    706    100
     1     7   1109    711    100
     1     7   1108    715    100
     1     7   1107    719    100
     1     7   1106    722    100
     1     7   1104    728    100
     1     7   1103    732    100
     1     7   1103    735    100
     1     7   1102    739    100
     1     7   1101    742    100
     1     7   1101    748    100
     1     7   1100    753    100
     1     7   1099    757    100
     1     7   1099    760    100
     1     7   1099    764    100
     1     7   1099    769    100
     1     7   1099    773    100
     1     7   1099    777    100
     1     7   1099    780    100
     1     7   1100    783    100
     1     7   1101    787    100
     1     7   1102    790    100
     1     7   1104    793    100
     1     7   1106    795    100
     1     7   1109    799    100
     1     7   1113    804    100
     1     7   1117    810    100
     1     7   1120    814    100
     1     7   1122    817    100
     1     7   1124    819    100
     1     7   1128    823    100
     1     7   1133    828    100
     1     7   1137    831    100
     1     7   1139    833    100
     1     7   1142    835    100
     1     7   1145    837    100
     1     7   1148    839    100
     1     7   1153    841    100
     1     7   1159    844    100
     1     7   1165    846    100
     1     7   1169    848    100
     1     7   1173    850    100
     1     7   1176    851    100
     1     7   1179    853    100
     1     7   1183    854    100
     1     7   1187    856    100
     1     7   1190    857    100
     1     8    851    840    102
     1     8    854    842    102
     1     8    857    844    102
     1     8    859    847    102
     1     8    862    849    102
     1     8    865    852    102
     1     8    867    854    102
     1     8    870    856    102
     1     8    874    858    102
     1     8    877    859    102
     1     8    880    861    102
     1     8    883    863    102
     1     8    887    864    102
     1     8    890    865    102
     1     8    893    866    102
     1     8    896    868    102
     1     8    899    869    102
     1     8    903    870    102
     1     8    906    872    102
     1     8    909    873    102
     1     8    912    874    102
     1     8    916    874    102
     1     8    920    875    102
     1     8    923    874    102
     1     8    927    874    102
     1     8    931    873    102
     1     8    934    872    102
     1     8    937    871    102
     1     8    941    870    102
     1     8    946    869    102
     1     8    951    868    102
     1     8    956    866    102
     1     8    959    865    102
     1     8    962    863    102
     1     8    967    860    102
     1     8    970    857    102
     1     8    973    855    102
     1     8    977    851    102
     1     8    979    849    102
     1     8    981    846    102
     1     8    987    839    102
     1     8    990    836    102
     1     8    993    833    102
     1     8    994    830    102
     1     8    997    828    102
     1     8    998    824    102
     1     8   1002    818    102
     1     8   1004    815    102
     1     8   1006    812    102
     1     8   1007    809    102
     1     8   1008    806    102
     1     8   1010    802    102
     1     8   1010    798    102
     1     8   1011    793    102
     1     8   1012    786    102
     1     8   1013    781    102
     1     8   1014    778    102
     1     8   1014    774    102
     1     8   1014    771    102
     1     8   1015    768    102
     1     8   1016    764    102
     1     8   1016    761    102
     1     8   1017    758    102
     1     8   1017    754    102
     1     8   1018    751    102
     1     8   1018    748    102
     1     8   1019    745    102
     1     8   1019    741    102
     1     8   1019    737    102
     1     8   1019    734    102
     1     8   1020    730    102
     1     8   1020    727    102
     1     8   1020    720    102
     1     8   1021    714    102
     1     8   1021    710    102
     1     8   1021    707    102
     1     8   1021    703    102
     1     8   1022    700    102
     1     8   1021    697    102
     1     8   1022    693    102
     1     8   1021    689    102
     1     8   1020    684    102
     1     8   1020    681    102
     1     8   1020    678    102
     1     8   1019    674    102
     1     8   1018    670    102
     1     8   1018    667    102
     1     8   1017    663    102
     1     8   1016    660    102
     1     8   1017    656    102
     1     8   1016    653    102
     1     8   1017    649    102
     1     8   1016    646    102
     1     8   1016    643    102
     1     8   1016    639    102
     1     8   1017    635    102
     1     8   1016    632    102
     1     8   1016    628    102
     1     8   1015    624    102
     1     8   1015    621    102
     1     8   1016    618    102
     1     8   1016    614    102
     1     8   1016    610    102
     1     8   1017    607    102
     1     8   1017    603    102
     1     8   1018    600    102
     1     8   1019    597    102
     1     8   1019    593    102
     1     8   1020    590    102
     1     8   1021    587    102
     1     8   1024    575    102
     1     8   1027    573    102
     1     8   1028    569    102
     1     8   1030    566    102
     1     8   1032    564    102
     1     8   1035    561    102
     1     8   1038    559    102
     1     8   1040    557    102
     1     8   1043    555    102
     1     8   1046    553    102
     1     8   1048    552    102
     1     8   1052    551    102
     1     8   1055    550    102
     1     8   1059    549    102
     1     8   1062    548    102
     1     8   1065    546    102
     1     8   1068    546    102
     1     8   1072    546    102
     1     8   1075    546    102
     1     8   1078    546    102
     1     8   1082    547    102
     1     8   1085    546    102
     1     8   1088    546    102
     1     8   1092    547    102
     1     8   1095    547    102
     1     8   1098    548    102
     1     8   1102    549    102
     1     8   1105    550    102
     1     8   1108    551    102
     1     8   1111    553    102
     1     8   1114    555    102
     1     8   1117    557    102
     1     8   1119    559    102
     1     8   1122    561    102
     1     8   1124    564    102
     1     8   1125    567    102
     1     8   1127    570    102
     1     8   1129    573    102
     1     8   1130    577    102
     1     8   1131    580    102
     1     8   1133    584    102
     1     8   1132    588    102
     1     8   1133    594    102
     1     8   1133    597    102
     1     8   1133    601    102
     1     8   1133    605    102
     1     8   1133    608    102
     1     8   1132    612    102
     1     8   1133    615    102
     1     8   1133    619    102
     1     8   1133    622    102
     1     8   1134    625    102
     1     8   1133    629    102
     1     8   1133    635    102
     1     8   1133    639    102
     1     8   1134    642    102
     1     8   1133    645    102
     1     8   1132    649    102
     1     8   1132    652    102
     1     8   1131    655    102
     1     8   1130    659    102
     1     8   1129    662    102
     1     8   1128    666    102
     1     8   1127    669    102
     1     8   1126    672    102
     1     8   1125    675    102
     1     8   1124    679    102
     1     8   1122    682    102
     1     8   1121    686    102
     1     8   1118    691    102
     1     8   1116    697    102
     1     8   1115    701    102
     1     8   1114    704    102
     1     8   1113    707    102
     1     8   1112    710    102
     1     8   1110    714    102
     1     8   1109    717    102
     1     8   1108    720    102
     1     8   1106    723    102
     1     8   1105    727    102
     1     8   1103    731    102
     1     8   1102    734    102
     1     8   1101    738    102
     1     8   1100    741    102
     1     8   1099    745    102
     1     8   1098    749    102
     1     8   1098    752    102
     1     8   1098    755    102
     1     8   1098    759    102
     1     8   1097    763    102
     1     8   1098    766    102
     1     8   1098    769    102
     1     8   1098    773    102
     1     8   1099    776    102
     1     8   1100    780    102
     1     8   1102    782    102
     1     8   1102    786    102
     1     8   1104    789    102
     1     8   1107    794    102
     1     8   1109    797    102
     1     8   1111    801    102
     1     8   1114    805    102
     1     8   1115    808    102
     1     8   1118    811    102
     1     8   1120    814    102
     1     8   1122    817    102
     1     8   1125    819    102
     1     8   1128    822    102
     1     8   1131    826    102
     1     8   1136    829    102
     1     8   1142    834    102
     1     8   1147    837    102
     1     8   1151    842    102
     1     8   1155    844    102
     1     8   1158    846    102
     1     8   1162    848    102
     1     8   1165    849    102
     1     8   1169    850    102
     1     8   1173    851    102
     1     8   1177    853    102
     1     9    853    841    104
     1     9    856    842    104
     1     9    859    844    104
     1     9    861    846    104
     1     9    865    848    104
     1     9    867    850    104
     1     9    870    852    104
     1     9    873    853    104
     1     9    877    855    104
     1     9    880    857    104
     1     9    882    859    104
     1     9    885    861    104
     1     9    889    863    104
     1     9    892    865    104
     1     9    895    866    104
     1     9    898    867    104
     1     9    901    870    104
     1     9    905    871    104
     1     9    909    873    104
     1     9    912    874    104
     1     9    915    875    104
     1     9    918    877    104
     1     9    922    877    104
     1     9    925    878    104
     1     9    928    878    104
     1     9    932    878    104
     1     9    935    877    104
     1     9    940    876    104
     1     9    944    875    104
     1     9    949    874    104
     1     9    951    873    104
     1     9    955    872    104
     1     9    958    870    104
     1     9    961    869    104
     1     9    965    866    104
     1     9    970    863    104
     1     9    973    860    104
     1     9    976    859    104
     1     9    980    856    104
     1     9    982    854    104
     1     9    984    851    104
     1     9    986    848    104
     1     9    988    845    104
     1     9    989    842    104
     1     9    991    839    104
     1     9    993    835    104
     1     9    994    832    104
     1     9    996    829    104
     1     9    998    826    104
     1     9    999    822    104
     1     9   1001    819    104
     1     9   1002    816    104
     1     9   1003    813    104
     1     9   1004    810    104
     1     9   1006    807    104
     1     9   1008    804    104
     1     9   1010    801    104
     1     9   1011    797    104
     1     9   1011    794    104
     1     9   1011    791    104
     1     9   1011    787    104
     1     9   1012    784    104
     1     9   1013    781    104
     1     9   1013    777    104
     1     9   1014    774    104
     1     9   1014    771    104
     1     9   1015    768    104
     1     9   1015    764    104
     1     9   1016    761    104
     1     9   1016    758    104
     1     9   1016    754    104
     1     9   1017    751    104
     1     9   1018    748    104
     1     9   1018    744    104
     1     9   1018    740    104
     1     9   1018    737    104
     1     9   1018    733    104
     1     9   1017    730    104
     1     9   1017    726    104
     1     9   1017    723    104
     1     9   1017    720    104
     1     9   1017    716    104
     1     9   1017    713    104
     1     9   1016    710    104
     1     9   1016    706    104
     1     9   1016    703    104
     1     9   1016    699    104
     1     9   1015    695    104
     1     9   1014    692    104
     1     9   1014    689    104
     1     9   1014    685    104
     1     9   1014    682    104
     1     9   1014    679    104
     1     9   1014    675    104
     1     9   1013    672    104
     1     9   1013    668    104
     1     9   1013    664    104
     1     9   1012    660    104
     1     9   1013    655    104
     1     9   1013    649    104
     1     9   1013    643    104
     1     9   1013    638    104
     1     9   1013    634    104
     1     9   1013    630    104
     1     9   1013    626    104
     1     9   1013    621    104
     1     9   1013    618    104
     1     9   1014    613    104
     1     9   1014    609    104
     1     9   1015    604    104
     1     9   1015    600    104
     1     9   1015    596    104
     1     9   1016    592    104
     1     9   1017    588    104
     1     9   1017    584    104
     1     9   1018    581    104
     1     9   1019    577    104
     1     9   1020    574    104
     1     9   1023    572    104
     1     9   1025    570    104
     1     9   1028    567    104
     1     9   1031    566    104
     1     9   1033    564    104
     1     9   1036    561    104
     1     9   1039    559    104
     1     9   1041    556    104
     1     9   1046    553    104
     1     9   1053    550    104
     1     9   1057    548    104
     1     9   1062    547    104
     1     9   1068    545    104
     1     9   1073    544    104
     1     9   1076    543    104
     1     9   1082    542    104
     1     9   1087    542    104
     1     9   1092    543    104
     1     9   1097    545    104
     1     9   1102    545    104
     1     9   1106    546    104
     1     9   1109    547    104
     1     9   1112    549    104
     1     9   1115    552    104
     1     9   1120    556    104
     1     9   1122    559    104
     1     9   1124    564    104
     1     9   1124    567    104
     1     9   1126    571    104
     1     9   1127    575    104
     1     9   1129    578    104
     1     9   1131    581    104
     1     9   1132    584    104
     1     9   1134    588    104
     1     9   1135    591    104
     1     9   1135    595    104
     1     9   1136    601    104
     1     9   1136    608    104
     1     9   1136    612    104
     1     9   1136    616    104
     1     9   1136    621    104
     1     9   1135    626    104
     1     9   1133    637    104
     1     9   1133    641    104
     1     9   1132    644    104
     1     9   1131    647    104
     1     9   1131    650    104
     1     9   1130    655    104
     1     9   1129    658    104
     1     9   1129    662    104
     1     9   1128    665    104
     1     9   1126    668    104
     1     9   1125    671    104
     1     9   1124    675    104
     1     9   1123    678    104
     1     9   1122    681    104
     1     9   1121    684    104
     1     9   1120    688    104
     1     9   1120    691    104
     1     9   1119    694    104
     1     9   1119    698    104
     1     9   1118    701    104
     1     9   1116    704    104
     1     9   1115    708    104
     1     9   1114    711    104
     1     9   1112    714    104
     1     9   1112    718    104
     1     9   1111    721    104
     1     9   1110    724    104
     1     9   1109    728    104
     1     9   1107    731    104
     1     9   1106    734    104
     1     9   1105    737    104
     1     9   1103    740    104
     1     9   1102    744    104
     1     9   1101    748    104
     1     9   1100    752    104
     1     9   1099    755    104
     1     9   1099    758    104
     1     9   1099    761    104
     1     9   1098    765    104
     1     9   1098    769    104
     1     9   1098    772    104
     1     9   1099    776    104
     1     9   1100    780    104
     1     9   1100    783    104
     1     9   1101    786    104
     1     9   1101    790    104
     1     9   1103    793    104
     1     9   1104    796    104
     1     9   1105    799    104
     1     9   1107    802    104
     1     9   1109    805    104
     1     9   1111    808    104
     1     9   1114    810    104
     1     9   1116    812    104
     1     9   1119    815    104
     1     9   1123    818    104
     1     9   1126    821    104
     1     9   1130    822    104
     1     9   1133    825    104
     1     9   1136    828    104
     1     9   1140    831    104
     1     9   1143    833    104
     1     9   1145    835    104
     1     9   1148    837    104
     1     9   1152    839    104
     1     9   1155    841    104
     1     9   1159    843    104
     1     9   1163    845    104
     1     9   1165    847    104
     1     9   1168    849    104
     1     9   1171    851    104
     1     9   1174    852    104
     1    10    858    838    106
     1    10    861    840    106
     1    10    865    844    106
     1    10    869    847    106
     1    10    873    850    106
     1    10    877    853    106
     1    10    882    858    106
     1    10    886    861    106
     1    10    889    863    106
     1    10    892    865    106
     1    10    896    867    106
     1    10    899    869    106
     1    10    904    871    106
     1    10    907    873    106
     1    10    910    875    106
     1    10    913    875    106
     1    10    916    876    106
     1    10    920    877    106
     1    10    923    876    106
     1    10    928    877    106
     1    10    931    877    106
     1    10    934    876    106
     1    10    938    877    106
     1    10    943    876    106
     1    10    948    874    106
     1    10    951    873    106
     1    10    955    872    106
     1    10    959    870    106
     1    10    963    868    106
     1    10    967    865    106
     1    10    970    863    106
     1    10    977    857    106
     1    10    979    855    106
     1    10    982    851    106
     1    10    985    847    106
     1    10    987    844    106
     1    10    989    840    106
     1    10    991    835    106
     1    10    993    832    106
     1    10    995    829    106
     1    10    996    825    106
     1    10    998    821    106
     1    10   1000    818    106
     1    10   1001    815    106
     1    10   1002    811    106
     1    10   1003    808    106
     1    10   1005    805    106
     1    10   1006    802    106
     1    10   1007    798    106
     1    10   1008    795    106
     1    10   1014    786    106
     1    10   1016    782    106
     1    10   1018    780    106
     1    10   1020    776    106
     1    10   1022    772    106
     1    10   1022    769    106
     1    10   1023    763    106
     1    10   1023    758    106
     1    10   1024    754    106
     1    10   1024    750    106
     1    10   1024    746    106
     1    10   1024    743    106
     1    10   1024    740    106
     1    10   1023    736    106
     1    10   1022    733    106
     1    10   1022    729    106
     1    10   1022    726    106
     1    10   1022    723    106
     1    10   1021    719    106
     1    10   1022    716    106
     1    10   1021    713    106
     1    10   1020    708    106
     1    10   1019    704    106
     1    10   1019    700    106
     1    10   1018    696    106
     1    10   1017    691    106
     1    10   1016    687    106
     1    10   1016    683    106
     1    10   1015    679    106
     1    10   1015    676    106
     1    10   1015    671    106
     1    10   1015    665    106
     1    10   1014    658    106
     1    10   1014    654    106
     1    10   1014    650    106
     1    10   1014    647    106
     1    10   1014    644    106
     1    10   1013    640    106
     1    10   1014    636    106
     1    10   1013    632    106
     1    10   1013    629    106
     1    10   1013    626    106
     1    10   1013    622    106
     1    10   1013    619    106
     1    10   1014    616    106
     1    10   1013    612    106
     1    10   1014    608    106
     1    10   1014    604    106
     1    10   1014    601    106
     1    10   1014    597    106
     1    10   1015    594    106
     1    10   1017    590    106
     1    10   1018    587    106
     1    10   1020    583    106
     1    10   1021    580    106
     1    10   1023    577    106
     1    10   1024    574    106
     1    10   1027    571    106
     1    10   1030    569    106
     1    10   1032    566    106
     1    10   1035    564    106
     1    10   1038    561    106
     1    10   1043    557    106
     1    10   1046    554    106
     1    10   1049    553    106
     1    10   1052    553    106
     1    10   1056    552    106
     1    10   1059    551    106
     1    10   1065    549    106
     1    10   1070    548    106
     1    10   1074    548    106
     1    10   1077    547    106
     1    10   1080    548    106
     1    10   1084    547    106
     1    10   1088    548    106
     1    10   1092    548    106
     1    10   1096    548    106
     1    10   1100    549    106
     1    10   1103    550    106
     1    10   1107    551    106
     1    10   1109    553    106
     1    10   1112    555    106
     1    10   1116    557    106
     1    10   1119    560    106
     1    10   1121    563    106
     1    10   1123    566    106
     1    10   1125    570    106
     1    10   1126    573    106
     1    10   1129    577    106
     1    10   1130    581    106
     1    10   1131    585    106
     1    10   1132    588    106
     1    10   1132    592    106
     1    10   1132    595    106
     1    10   1132    598    106
     1    10   1132    602    106
     1    10   1131    606    106
     1    10   1132    610    106
     1    10   1131    614    106
     1    10   1131    618    106
     1    10   1131    622    106
     1    10   1130    627    106
     1    10   1130    631    106
     1    10   1130    634    106
     1    10   1129    638    106
     1    10   1128    642    106
     1    10   1126    645    106
     1    10   1124    649    106
     1    10   1123    652    106
     1    10   1123    656    106
     1    10   1121    660    106
     1    10   1120    666    106
     1    10   1118    672    106
     1    10   1118    677    106
     1    10   1116    681    106
     1    10   1115    685    106
     1    10   1114    689    106
     1    10   1113    693    106
     1    10   1112    698    106
     1    10   1110    705    106
     1    10   1108    710    106
     1    10   1107    717    106
     1    10   1105    722    106
     1    10   1104    726    106
     1    10   1103    730    106
     1    10   1102    733    106
     1    10   1101    736    106
     1    10   1099    739    106
     1    10   1098    743    106
     1    10   1097    749    106
     1    10   1096    754    106
     1    10   1095    761    106
     1    10   1094    769    106
     1    10   1094    775    106
     1    10   1094    778    106
     1    10   1099    792    106
     1    10   1114    810    106
     1    10   1132    828    106
     1    10   1145    836    106
     1    10   1155    844    106
     1    10   1167    850    106
     1    10   1172    853    106
     1    11    858    840    108
     1    11    861    842    108
     1    11    864    844    108
     1    11    867    845    108
     1    11    870    848    108
     1    11    873    849    108
     1    11    876    851    108
     1    11    879    853    108
     1    11    883    855    108
     1    11    886    857    108
     1    11    890    859    108
     1    11    893    861    108
     1    11    897    863    108
     1    11    900    864    108
     1    11    903    866    108
     1    11    906    867    108
     1    11    910    869    108
     1    11    913    871    108
     1    11    916    872    108
     1    11    919    872    108
     1    11    923    873    108
     1    11    926    873    108
     1    11    930    873    108
     1    11    933    874    108
     1    11    937    874    108
     1    11    940    874    108
     1    11    944    874    108
     1    11    947    873    108
     1    11    951    871    108
     1    11    954    869    108
     1    11    959    867    108
     1    11    962    863    108
     1    11    965    862    108
     1    11    968    858    108
     1    11    970    855    108
     1    11    972    853    108
     1    11    975    850    108
     1    11    977    847    108
     1    11    979    844    108
     1    11    982    841    108
     1    11    984    839    108
     1    11    985    834    108
     1    11    988    831    108
     1    11    991    827    108
     1    11    993    823    108
     1    11    995    820    108
     1    11    998    814    108
     1    11   1000    810    108
     1    11   1001    807    108
     1    11   1003    803    108
     1    11   1004    800    108
     1    11   1006    797    108
     1    11   1008    793    108
     1    11   1010    789    108
     1    11   1012    785    108
     1    11   1013    781    108
     1    11   1014    778    108
     1    11   1014    775    108
     1    11   1015    772    108
     1    11   1016    768    108
     1    11   1016    763    108
     1    11   1017    759    108
     1    11   1018    756    108
     1    11   1019    751    108
     1    11   1019    747    108
     1    11   1019    742    108
     1    11   1020    738    108
     1    11   1019    733    108
     1    11   1017    730    108
     1    11   1017    726    108
     1    11   1016    723    108
     1    11   1015    719    108
     1    11   1014    715    108
     1    11   1014    712    108
     1    11   1012    707    108
     1    11   1010    700    108
     1    11   1010    693    108
     1    11   1009    689    108
     1    11   1009    685    108
     1    11   1008    677    108
     1    11   1007    671    108
     1    11   1007    664    108
     1    11   1005    656    108
     1    11   1006    650    108
     1    11   1006    645    108
     1    11   1006    638    108
     1    11   1008    630    108
     1    11   1008    625    108
     1    11   1008    621    108
     1    11   1009    617    108
     1    11   1009    613    108
     1    11   1010    609    108
     1    11   1011    606    108
     1    11   1012    603    108
     1    11   1014    599    108
     1    11   1016    596    108
     1    11   1018    591    108
     1    11   1020    587    108
     1    11   1023    583    108
     1    11   1027    577    108
     1    11   1030    574    108
     1    11   1032    572    108
     1    11   1034    569    108
     1    11   1039    563    108
     1    11   1043    559    108
     1    11   1046    557    108
     1    11   1050    555    108
     1    11   1052    553    108
     1    11   1056    552    108
     1    11   1059    551    108
     1    11   1063    550    108
     1    11   1069    550    108
     1    11   1073    549    108
     1    11   1077    547    108
     1    11   1082    547    108
     1    11   1086    546    108
     1    11   1090    545    108
     1    11   1093    544    108
     1    11   1097    544    108
     1    11   1101    544    108
     1    11   1105    545    108
     1    11   1109    545    108
     1    11   1112    546    108
     1    11   1116    548    108
     1    11   1119    550    108
     1    11   1123    552    108
     1    11   1125    554    108
     1    11   1128    557    108
     1    11   1130    559    108
     1    11   1133    562    108
     1    11   1134    565    108
     1    11   1135    569    108
     1    11   1138    572    108
     1    11   1137    577    108
     1    11   1137    581    108
     1    11   1137    585    108
     1    11   1137    589    108
     1    11   1137    593    108
     1    11   1136    597    108
     1    11   1136    603    108
     1    11   1135    607    108
     1    11   1136    611    108
     1    11   1135    615    108
     1    11   1134    618    108
     1    11   1134    621    108
     1    11   1134    625    108
     1    11   1134    629    108
     1    11   1133    632    108
     1    11   1132    636    108
     1    11   1132    640    108
     1    11   1130    644    108
     1    11   1129    649    108
     1    11   1128    655    108
     1    11   1126    659    108
     1    11   1124    665    108
     1    11   1123    668    108
     1    11   1121    672    108
     1    11   1120    676    108
     1    11   1119    679    108
     1    11   1118    682    108
     1    11   1117    685    108
     1    11   1116    690    108
     1    11   1114    694    108
     1    11   1112    698    108
     1    11   1112    701    108
     1    11   1111    704    108
     1    11   1109    707    108
     1    11   1108    711    108
     1    11   1107    714    108
     1    11   1106    717    108
     1    11   1104    721    108
     1    11   1102    726    108
     1    11   1101    731    108
     1    11   1100    735    108
     1    11   1099    741    108
     1    11   1097    747    108
     1    11   1096    751    108
     1    11   1096    756    108
     1    11   1095    763    108
     1    11   1094    769    108
     1    11   1094    774    108
     1    11   1094    777    108
     1    11   1094    780    108
     1    11   1096    785    108
     1    11   1099    790    108
     1    11   1101    794    108
     1    11   1104    798    108
     1    11   1108    804    108
     1    11   1112    808    108
     1    11   1115    813    108
     1    11   1119    818    108
     1    11   1124    822    108
     1    11   1128    827    108
     1    11   1132    831    108
     1    11   1135    833    108
     1    11   1139    836    108
     1    11   1142    839    108
     1    11   1145    841    108
     1    11   1149    843    108
     1    11   1152    845    108
     1    11   1156    847    108
     1    11   1159    848    108
     1    11   1162    850    108
     1    11   1165    851    108
     1    11   1168    853    108
     1    11   1172    855    108
     1    11   1175    856    108
     1    11   1178    857    108
     1    12    860    840    110
     1    12    864    842    110
     1    12    866    844    110
     1    12    869    846    110
     1    12    872    848    110
     1    12    875    850    110
     1    12    878    852    110
     1    12    881    853    110
     1    12    885    856    110
     1    12    888    858    110
     1    12    891    859    110
     1    12    896    862    110
     1    12    899    864    110
     1    12    902    866    110
     1    12    906    867    110
     1    12    909    869    110
     1    12    912    871    110
     1    12    915    872    110
     1    12    919    873    110
     1    12    922    873    110
     1    12    925    874    110
     1    12    929    873    110
     1    12    932    873    110
     1    12    936    872    110
     1    12    940    870    110
     1    12    946    869    110
     1    12    948    867    110
     1    12    952    865    110
     1    12    956    863    110
     1    12    958    860    110
     1    12    962    857    110
     1    12    965    856    110
     1    12    968    854    110
     1    12    971    851    110
     1    12    974    846    110
     1    12    978    839    110
     1    12    981    834    110
     1    12    984    830    110
     1    12    986    827    110
     1    12    988    824    110
     1    12    991    822    110
     1    12    993    819    110
     1    12    995    816    110
     1    12    997    814    110
     1    12   1002    808    110
     1    12   1005    806    110
     1    12   1008    803    110
     1    12   1010    801    110
     1    12   1012    797    110
     1    12   1014    794    110
     1    12   1015    791    110
     1    12   1017    788    110
     1    12   1017    785    110
     1    12   1018    781    110
     1    12   1018    777    110
     1    12   1020    773    110
     1    12   1021    769    110
     1    12   1021    766    110
     1    12   1021    763    110
     1    12   1022    740    110
     1    12   1018    720    110
     1    12   1017    720    110
     1    12   1014    707    110
     1    12   1014    703    110
     1    12   1014    700    110
     1    12   1013    695    110
     1    12   1014    691    110
     1    12   1014    686    110
     1    12   1013    681    110
     1    12   1014    677    110
     1    12   1013    672    110
     1    12   1013    666    110
     1    12   1013    662    110
     1    12   1013    658    110
     1    12   1012    655    110
     1    12   1011    651    110
     1    12   1010    647    110
     1    12   1009    643    110
     1    12   1009    639    110
     1    12   1008    636    110
     1    12   1009    632    110
     1    12   1008    629    110
     1    12   1009    625    110
     1    12   1009    622    110
     1    12   1009    619    110
     1    12   1010    615    110
     1    12   1009    612    110
     1    12   1010    608    110
     1    12   1010    605    110
     1    12   1011    601    110
     1    12   1011    597    110
     1    12   1013    593    110
     1    12   1015    590    110
     1    12   1016    585    110
     1    12   1018    581    110
     1    12   1020    577    110
     1    12   1022    575    110
     1    12   1025    572    110
     1    12   1027    567    110
     1    12   1030    565    110
     1    12   1033    564    110
     1    12   1036    562    110
     1    12   1040    560    110
     1    12   1043    558    110
     1    12   1047    558    110
     1    12   1051    557    110
     1    12   1054    555    110
     1    12   1058    554    110
     1    12   1064    552    110
     1    12   1069    551    110
     1    12   1078    550    110
     1    12   1086    549    110
     1    12   1090    549    110
     1    12   1094    548    110
     1    12   1098    549    110
     1    12   1101    548    110
     1    12   1104    548    110
     1    12   1111    550    110
     1    12   1116    550    110
     1    12   1119    552    110
     1    12   1121    554    110
     1    12   1126    557    110
     1    12   1128    559    110
     1    12   1130    563    110
     1    12   1132    568    110
     1    12   1134    572    110
     1    12   1135    576    110
     1    12   1135    579    110
     1    12   1135    583    110
     1    12   1136    587    110
     1    12   1135    591    110
     1    12   1135    594    110
     1    12   1135    597    110
     1    12   1135    601    110
     1    12   1134    605    110
     1    12   1134    608    110
     1    12   1134    611    110
     1    12   1133    615    110
     1    12   1132    620    110
     1    12   1132    626    110
     1    12   1130    633    110
     1    12   1130    636    110
     1    12   1129    640    110
     1    12   1128    643    110
     1    12   1127    646    110
     1    12   1127    649    110
     1    12   1127    653    110
     1    12   1126    657    110
     1    12   1126    660    110
     1    12   1125    665    110
     1    12   1124    669    110
     1    12   1124    673    110
     1    12   1122    677    110
     1    12   1121    683    110
     1    12   1120    688    110
     1    12   1119    692    110
     1    12   1118    695    110
     1    12   1118    698    110
     1    12   1117    701    110
     1    12   1116    705    110
     1    12   1115    708    110
     1    12   1113    711    110
     1    12   1111    714    110
     1    12   1108    719    110
     1    12   1105    723    110
     1    12   1104    726    110
     1    12   1102    731    110
     1    12   1099    739    110
     1    12   1098    743    110
     1    12   1097    747    110
     1    12   1096    751    110
     1    12   1096    754    110
     1    12   1097    758    110
     1    12   1097    761    110
     1    12   1099    768    110
     1    12   1101    774    110
     1    12   1103    779    110
     1    12   1105    786    110
     1    12   1107    791    110
     1    12   1109    796    110
     1    12   1111    800    110
     1    12   1113    805    110
     1    12   1115    808    110
     1    12   1117    812    110
     1    12   1120    815    110
     1    12   1122    817    110
     1    12   1125    819    110
     1    12   1127    821    110
     1    12   1130    824    110
     1    12   1134    828    110
     1    12   1136    830    110
     1    12   1140    832    110
     1    12   1143    833    110
     1    12   1146    836    110
     1    12   1150    839    110
     1    12   1154    841    110
     1    12   1157    843    110
     1    12   1161    845    110
     1    12   1165    847    110
     1    12   1167    850    110
     1    12   1171    851    110
     1    13    862    840    112
     1    13    866    841    112
     1    13    868    843    112
     1    13    871    846    112
     1    13    874    847    112
     1    13    876    849    112
     1    13    880    850    112
     1    13    882    853    112
     1    13    885    855    112
     1    13    888    857    112
     1    13    891    859    112
     1    13    894    860    112
     1    13    896    863    112
     1    13    898    865    112
     1    13    902    866    112
     1    13    905    868    112
     1    13    908    869    112
     1    13    911    870    112
     1    13    915    870    112
     1    13    919    870    112
     1    13    922    870    112
     1    13    929    870    112
     1    13    935    869    112
     1    13    940    868    112
     1    13    943    868    112
     1    13    947    868    112
     1    13    951    866    112
     1    13    954    864    112
     1    13    958    862    112
     1    13    960    861    112
     1    13    966    857    112
     1    13    970    855    112
     1    13    973    852    112
     1    13    976    849    112
     1    13    978    847    112
     1    13    981    843    112
     1    13    983    840    112
     1    13    985    837    112
     1    13    986    833    112
     1    13    989    830    112
     1    13    991    825    112
     1    13    994    820    112
     1    13    996    816    112
     1    13    997    813    112
     1    13    999    810    112
     1    13   1001    807    112
     1    13   1003    804    112
     1    13   1005    801    112
     1    13   1007    798    112
     1    13   1010    795    112
     1    13   1011    791    112
     1    13   1014    787    112
     1    13   1015    784    112
     1    13   1017    780    112
     1    13   1018    776    112
     1    13   1019    772    112
     1    13   1020    768    112
     1    13   1021    764    112
     1    13   1021    760    112
     1    13   1022    757    112
     1    13   1022    753    112
     1    13   1022    750    112
     1    13   1022    747    112
     1    13   1023    743    112
     1    13   1023    740    112
     1    13   1022    736    112
     1    13   1022    733    112
     1    13   1022    729    112
     1    13   1022    726    112
     1    13   1022    723    112
     1    13   1022    719    112
     1    13   1021    716    112
     1    13   1021    713    112
     1    13   1020    709    112
     1    13   1019    706    112
     1    13   1017    703    112
     1    13   1016    699    112
     1    13   1016    696    112
     1    13   1016    693    112
     1    13   1015    689    112
     1    13   1014    685    112
     1    13   1013    681    112
     1    13   1012    675    112
     1    13   1011    672    112
     1    13   1012    668    112
     1    13   1011    665    112
     1    13   1011    662    112
     1    13   1011    658    112
     1    13   1010    655    112
     1    13   1010    651    112
     1    13   1010    648    112
     1    13   1010    645    112
     1    13   1009    639    112
     1    13   1009    634    112
     1    13   1008    630    112
     1    13   1009    627    112
     1    13   1008    623    112
     1    13   1008    620    112
     1    13   1009    617    112
     1    13   1010    613    112
     1    13   1010    610    112
     1    13   1010    607    112
     1    13   1011    603    112
     1    13   1013    599    112
     1    13   1014    596    112
     1    13   1016    592    112
     1    13   1018    588    112
     1    13   1020    584    112
     1    13   1022    582    112
     1    13   1025    578    112
     1    13   1027    575    112
     1    13   1029    572    112
     1    13   1032    570    112
     1    13   1034    567    112
     1    13   1038    564    112
     1    13   1041    561    112
     1    13   1045    559    112
     1    13   1047    557    112
     1    13   1052    555    112
     1    13   1058    552    112
     1    13   1063    551    112
     1    13   1067    549    112
     1    13   1073    548    112
     1    13   1079    546    112
     1    13   1086    546    112
     1    13   1091    547    112
     1    13   1095    548    112
     1    13   1098    549    112
     1    13   1101    551    112
     1    13   1105    553    112
     1    13   1108    557    112
     1    13   1112    560    112
     1    13   1114    563    112
     1    13   1118    565    112
     1    13   1121    567    112
     1    13   1124    570    112
     1    13   1126    573    112
     1    13   1128    576    112
     1    13   1130    579    112
     1    13   1132    582    112
     1    13   1133    586    112
     1    13   1134    590    112
     1    13   1134    594    112
     1    13   1134    600    112
     1    13   1134    606    112
     1    13   1135    609    112
     1    13   1134    613    112
     1    13   1134    616    112
     1    13   1134    619    112
     1    13   1133    623    112
     1    13   1133    626    112
     1    13   1133    629    112
     1    13   1133    633    112
     1    13   1132    636    112
     1    13   1131    639    112
     1    13   1131    642    112
     1    13   1131    646    112
     1    13   1130    649    112
     1    13   1130    653    112
     1    13   1130    656    112
     1    13   1129    660    112
     1    13   1129    663    112
     1    13   1128    666    112
     1    13   1127    669    112
     1    13   1126    673    112
     1    13   1125    676    112
     1    13   1124    679    112
     1    13   1122    683    112
     1    13   1121    686    112
     1    13   1120    690    112
     1    13   1118    693    112
     1    13   1117    696    112
     1    13   1117    700    112
     1    13   1115    704    112
     1    13   1113    708    112
     1    13   1112    711    112
     1    13   1111    714    112
     1    13   1109    717    112
     1    13   1108    721    112
     1    13   1107    724    112
     1    13   1105    728    112
     1    13   1103    732    112
     1    13   1101    736    112
     1    13   1099    740    112
     1    13   1098    745    112
     1    13   1098    749    112
     1    13   1097    755    112
     1    13   1096    761    112
     1    13   1096    764    112
     1    13   1096    767    112
     1    13   1095    770    112
     1    13   1096    775    112
     1    13   1096    778    112
     1    13   1096    782    112
     1    13   1097    787    112
     1    13   1097    793    112
     1    13   1098    797    112
     1    13   1099    802    112
     1    13   1100    805    112
     1    13   1102    808    112
     1    13   1104    812    112
     1    13   1107    815    112
     1    13   1109    817    112
     1    13   1111    820    112
     1    13   1114    822    112
     1    13   1116    824    112
     1    13   1120    827    112
     1    13   1123    829    112
     1    13   1127    831    112
     1    13   1132    834    112
     1    13   1138    838    112
     1    13   1141    839    112
     1    13   1144    841    112
     1    13   1147    843    112
     1    13   1151    844    112
     1    13   1154    846    112
     1    13   1157    847    112
     1    13   1160    849    112
     1    13   1163    850    112
     1    13   1167    852    112
     1    13   1168    853    112
     1    13   1171    854    112
     1    14    858    840    114
     1    14    860    842    114
     1    14    863    844    114
     1    14    865    846    114
     1    14    868    849    114
     1    14    871    851    114
     1    14    876    854    114
     1    14    879    856    114
     1    14    883    857    114
     1    14    886    860    114
     1    14    889    861    114
     1    14    893    862    114
     1    14    897    863    114
     1    14    900    863    114
     1    14    903    864    114
     1    14    907    865    114
     1    14    910    866    114
     1    14    913    866    114
     1    14    916    867    114
     1    14    920    868    114
     1    14    923    868    114
     1    14    926    868    114
     1    14    930    869    114
     1    14    933    868    114
     1    14    936    869    114
     1    14    940    868    114
     1    14    943    868    114
     1    14    947    867    114
     1    14    950    865    114
     1    14    953    863    114
     1    14    956    862    114
     1    14    958    860    114
     1    14    961    857    114
     1    14    963    855    114
     1    14    966    852    114
     1    14    969    850    114
     1    14    972    846    114
     1    14    975    843    114
     1    14    978    839    114
     1    14    981    836    114
     1    14    983    832    114
     1    14    988    828    114
     1    14    990    826    114
     1    14    992    823    114
     1    14    994    820    114
     1    14    996    816    114
     1    14    999    812    114
     1    14   1000    809    114
     1    14   1003    803    114
     1    14   1005    799    114
     1    14   1006    794    114
     1    14   1007    791    114
     1    14   1008    786    114
     1    14   1010    783    114
     1    14   1011    780    114
     1    14   1013    777    114
     1    14   1014    774    114
     1    14   1016    770    114
     1    14   1017    767    114
     1    14   1017    764    114
     1    14   1018    761    114
     1    14   1018    757    114
     1    14   1019    753    114
     1    14   1020    749    114
     1    14   1021    743    114
     1    14   1022    740    114
     1    14   1022    736    114
     1    14   1022    731    114
     1    14   1022    727    114
     1    14   1022    724    114
     1    14   1021    719    114
     1    14   1020    711    114
     1    14   1020    708    114
     1    14   1019    704    114
     1    14   1020    701    114
     1    14   1019    698    114
     1    14   1018    694    114
     1    14   1016    691    114
     1    14   1015    687    114
     1    14   1014    685    114
     1    14   1012    681    114
     1    14   1010    678    114
     1    14   1009    674    114
     1    14   1007    671    114
     1    14   1006    667    114
     1    14   1005    663    114
     1    14   1005    659    114
     1    14   1005    655    114
     1    14   1005    652    114
     1    14   1005    648    114
     1    14   1004    644    114
     1    14   1005    640    114
     1    14   1005    637    114
     1    14   1005    632    114
     1    14   1005    628    114
     1    14   1005    624    114
     1    14   1006    620    114
     1    14   1005    617    114
     1    14   1006    614    114
     1    14   1006    610    114
     1    14   1007    606    114
     1    14   1008    600    114
     1    14   1009    594    114
     1    14   1010    591    114
     1    14   1012    587    114
     1    14   1014    584    114
     1    14   1016    581    114
     1    14   1018    579    114
     1    14   1020    576    114
     1    14   1022    574    114
     1    14   1024    570    114
     1    14   1027    568    114
     1    14   1029    565    114
     1    14   1032    563    114
     1    14   1036    559    114
     1    14   1040    558    114
     1    14   1043    555    114
     1    14   1046    554    114
     1    14   1050    552    114
     1    14   1054    551    114
     1    14   1057    550    114
     1    14   1061    549    114
     1    14   1067    549    114
     1    14   1072    548    114
     1    14   1078    548    114
     1    14   1081    548    114
     1    14   1086    548    114
     1    14   1089    548    114
     1    14   1092    549    114
     1    14   1095    550    114
     1    14   1099    551    114
     1    14   1103    552    114
     1    14   1106    553    114
     1    14   1110    556    114
     1    14   1114    557    114
     1    14   1118    560    114
     1    14   1121    562    114
     1    14   1124    564    114
     1    14   1126    566    114
     1    14   1129    569    114
     1    14   1132    574    114
     1    14   1135    580    114
     1    14   1137    584    114
     1    14   1139    588    114
     1    14   1141    592    114
     1    14   1142    596    114
     1    14   1142    601    114
     1    14   1142    606    114
     1    14   1142    611    114
     1    14   1140    618    114
     1    14   1139    624    114
     1    14   1138    632    114
     1    14   1137    638    114
     1    14   1136    641    114
     1    14   1134    646    114
     1    14   1132    649    114
     1    14   1132    654    114
     1    14   1130    658    114
     1    14   1130    664    114
     1    14   1128    668    114
     1    14   1126    673    114
     1    14   1125    677    114
     1    14   1124    680    114
     1    14   1122    683    114
     1    14   1121    686    114
     1    14   1120    690    114
     1    14   1119    693    114
     1    14   1117    696    114
     1    14   1115    701    114
     1    14   1113    705    114
     1    14   1112    710    114
     1    14   1111    714    114
     1    14   1109    719    114
     1    14   1106    727    114
     1    14   1105    733    114
     1    14   1103    736    114
     1    14   1102    740    114
     1    14   1100    743    114
     1    14   1098    750    114
     1    14   1097    753    114
     1    14   1096    759    114
     1    14   1095    766    114
     1    14   1095    771    114
     1    14   1095    777    114
     1    14   1095    784    114
     1    14   1096    790    114
     1    14   1096    795    114
     1    14   1099    800    114
     1    14   1103    806    114
     1    14   1106    812    114
     1    14   1109    816    114
     1    14   1113    820    114
     1    14   1117    823    114
     1    14   1120    826    114
     1    14   1123    828    114
     1    14   1127    830    114
     1    14   1132    834    114
     1    14   1138    838    114
     1    14   1143    841    114
     1    14   1148    844    114
     1    14   1152    847    114
     1    14   1156    849    114
     1    14   1160    851    114
     1    14   1164    853    114
     1    14   1167    855    114
     1    14   1170    857    114
     1    14   1173    858    114
     1    14   1177    860    114
     1    15    860    841    116
     1    15    863    842    116
     1    15    866    845    116
     1    15    869    845    116
     1    15    873    848    116
     1    15    877    849    116
     1    15    881    852    116
     1    15    885    853    116
     1    15    891    857    116
     1    15    894    859    116
     1    15    898    861    116
     1    15    901    862    116
     1    15    905    864    116
     1    15    910    866    116
     1    15    914    867    116
     1    15    917    868    116
     1    15    920    867    116
     1    15    924    868    116
     1    15    927    866    116
     1    15    930    867    116
     1    15    935    866    116
     1    15    939    865    116
     1    15    943    864    116
     1    15    947    863    116
     1    15    950    862    116
     1    15    956    859    116
     1    15    960    855    116
     1    15    965    851    116
     1    15    971    844    116
     1    15    975    839    116
     1    15    981    834    116
     1    15    990    826    116
     1    15    992    823    116
     1    15    994    821    116
     1    15    998    816    116
     1    15   1001    811    116
     1    15   1005    807    116
     1    15   1010    802    116
     1    15   1013    798    116
     1    15   1014    794    116
     1    15   1017    790    116
     1    15   1019    784    116
     1    15   1020    779    116
     1    15   1021    775    116
     1    15   1021    772    116
     1    15   1021    769    116
     1    15   1021    766    116
     1    15   1021    762    116
     1    15   1021    758    116
     1    15   1022    753    116
     1    15   1022    750    116
     1    15   1022    745    116
     1    15   1021    741    116
     1    15   1021    737    116
     1    15   1020    731    116
     1    15   1018    725    116
     1    15   1017    721    116
     1    15   1017    718    116
     1    15   1016    714    116
     1    15   1016    711    116
     1    15   1016    707    116
     1    15   1015    703    116
     1    15   1015    699    116
     1    15   1015    696    116
     1    15   1014    692    116
     1    15   1013    687    116
     1    15   1011    680    116
     1    15   1011    675    116
     1    15   1010    672    116
     1    15   1010    667    116
     1    15   1009    663    116
     1    15   1010    659    116
     1    15   1010    655    116
     1    15   1010    651    116
     1    15   1011    647    116
     1    15   1011    642    116
     1    15   1011    638    116
     1    15   1011    634    116
     1    15   1011    631    116
     1    15   1011    627    116
     1    15   1011    624    116
     1    15   1012    621    116
     1    15   1012    616    116
     1    15   1013    611    116
     1    15   1013    602    116
     1    15   1015    595    116
     1    15   1016    591    116
     1    15   1017    588    116
     1    15   1018    584    116
     1    15   1021    577    116
     1    15   1023    574    116
     1    15   1024    571    116
     1    15   1027    569    116
     1    15   1029    565    116
     1    15   1033    562    116
     1    15   1036    560    116
     1    15   1039    558    116
     1    15   1042    555    116
     1    15   1045    553    116
     1    15   1049    550    116
     1    15   1051    549    116
     1    15   1054    546    116
     1    15   1058    544    116
     1    15   1062    542    116
     1    15   1068    540    116
     1    15   1072    538    116
     1    15   1077    539    116
     1    15   1082    539    116
     1    15   1086    540    116
     1    15   1092    541    116
     1    15   1098    541    116
     1    15   1102    542    116
     1    15   1106    543    116
     1    15   1110    545    116
     1    15   1112    547    116
     1    15   1116    550    116
     1    15   1119    552    116
     1    15   1122    555    116
     1    15   1124    558    116
     1    15   1125    561    116
     1    15   1127    564    116
     1    15   1131    571    116
     1    15   1133    575    116
     1    15   1134    579    116
     1    15   1135    583    116
     1    15   1135    586    116
     1    15   1135    592    116
     1    15   1134    597    116
     1    15   1134    601    116
     1    15   1134    604    116
     1    15   1133    607    116
     1    15   1133    610    116
     1    15   1133    615    116
     1    15   1134    621    116
     1    15   1133    626    116
     1    15   1133    631    116
     1    15   1133    634    116
     1    15   1133    637    116
     1    15   1132    642    116
     1    15   1132    646    116
     1    15   1132    650    116
     1    15   1131    655    116
     1    15   1129    661    116
     1    15   1127    671    116
     1    15   1126    674    116
     1    15   1125    677    116
     1    15   1121    684    116
     1    15   1119    690    116
     1    15   1117    694    116
     1    15   1116    698    116
     1    15   1114    702    116
     1    15   1112    706    116
     1    15   1111    709    116
     1    15   1110    712    116
     1    15   1109    715    116
     1    15   1108    719    116
     1    15   1107    722    116
     1    15   1105    726    116
     1    15   1103    730    116
     1    15   1100    736    116
     1    15   1098    740    116
     1    15   1095    746    116
     1    15   1092    751    116
     1    15   1091    755    116
     1    15   1089    761    116
     1    15   1089    765    116
     1    15   1089    769    116
     1    15   1090    773    116
     1    15   1090    777    116
     1    15   1092    782    116
     1    15   1093    787    116
     1    15   1095    791    116
     1    15   1097    794    116
     1    15   1099    796    116
     1    15   1102    799    116
     1    15   1104    801    116
     1    15   1107    804    116
     1    15   1111    808    116
     1    15   1114    811    116
     1    15   1118    815    116
     1    15   1124    818    116
     1    15   1128    822    116
     1    15   1133    825    116
     1    15   1138    828    116
     1    15   1142    831    116
     1    15   1147    835    116
     1    15   1151    838    116
     1    15   1155    841    116
     1    15   1157    843    116
     1    15   1161    844    116
     1    15   1164    845    116
     1    15   1168    847    116
     1    15   1171    849    116
     1    15   1174    850    116
     1    16    928    878    118
     1    16    930    875    118
     1    16    935    872    118
     1    16    938    870    118
     1    16    942    868    118
     1    16    945    865    118
     1    16    950    862    118
     1    16    955    858    118
     1    16    959    855    118
     1    16    962    853    118
     1    16    965    850    118
     1    16    967    848    118
     1    16    969    845    118
     1    16    972    844    118
     1    16    975    842    118
     1    16    978    840    118
     1    16    981    837    118
     1    16    983    833    118
     1    16    985    829    118
     1    16    988    825    118
     1    16    990    821    118
     1    16    993    816    118
     1    16    996    812    118
     1    16    998    808    118
     1    16    999    805    118
     1    16   1002    802    118
     1    16   1003    799    118
     1    16   1004    795    118
     1    16   1006    792    118
     1    16   1007    789    118
     1    16   1008    786    118
     1    16   1010    782    118
     1    16   1011    778    118
     1    16   1012    773    118
     1    16   1012    770    118
     1    16   1013    767    118
     1    16   1013    761    118
     1    16   1014    756    118
     1    16   1013    751    118
     1    16   1013    746    118
     1    16   1013    743    118
     1    16   1014    739    118
     1    16   1013    735    118
     1    16   1014    731    118
     1    16   1015    728    118
     1    16   1015    725    118
     1    16   1015    719    118
     1    16   1014    714    118
     1    16   1015    710    118
     1    16   1015    706    118
     1    16   1015    702    118
     1    16   1015    697    118
     1    16   1014    691    118
     1    16   1014    685    118
     1    16   1013    682    118
     1    16   1013    678    118
     1    16   1012    672    118
     1    16   1012    666    118
     1    16   1012    662    118
     1    16   1012    659    118
     1    16   1011    656    118
     1    16   1012    650    118
     1    16   1012    646    118
     1    16   1012    642    118
     1    16   1012    639    118
     1    16   1013    635    118
     1    16   1012    631    118
     1    16   1013    626    118
     1    16   1013    623    118
     1    16   1013    618    118
     1    16   1013    612    118
     1    16   1014    607    118
     1    16   1014    602    118
     1    16   1014    597    118
     1    16   1015    594    118
     1    16   1015    590    118
     1    16   1015    587    118
     1    16   1016    584    118
     1    16   1018    580    118
     1    16   1019    577    118
     1    16   1021    573    118
     1    16   1023    570    118
     1    16   1026    566    118
     1    16   1029    563    118
     1    16   1032    560    118
     1    16   1034    559    118
     1    16   1037    557    118
     1    16   1041    554    118
     1    16   1045    551    118
     1    16   1049    549    118
     1    16   1053    549    118
     1    16   1058    547    118
     1    16   1062    546    118
     1    16   1068    545    118
     1    16   1072    544    118
     1    16   1075    544    118
     1    16   1079    544    118
     1    16   1082    543    118
     1    16   1085    543    118
     1    16   1089    542    118
     1    16   1096    543    118
     1    16   1101    544    118
     1    16   1105    544    118
     1    16   1112    547    118
     1    16   1115    547    118
     1    16   1118    549    118
     1    16   1121    551    118
     1    16   1123    553    118
     1    16   1125    556    118
     1    16   1127    559    118
     1    16   1129    562    118
     1    16   1130    565    118
     1    16   1131    568    118
     1    16   1132    572    118
     1    16   1133    575    118
     1    16   1133    578    118
     1    16   1133    582    118
     1    16   1133    586    118
     1    16   1134    589    118
     1    16   1134    592    118
     1    16   1134    596    118
     1    16   1133    599    118
     1    16   1133    602    118
     1    16   1133    606    118
     1    16   1133    609    118
     1    16   1133    612    118
     1    16   1133    616    118
     1    16   1134    619    118
     1    16   1133    623    118
     1    16   1134    626    118
     1    16   1133    629    118
     1    16   1133    633    118
     1    16   1133    636    118
     1    16   1133    639    118
     1    16   1133    643    118
     1    16   1133    646    118
     1    16   1132    650    118
     1    16   1131    654    118
     1    16   1131    658    118
     1    16   1131    662    118
     1    16   1130    666    118
     1    16   1129    670    118
     1    16   1128    675    118
     1    16   1127    678    118
     1    16   1126    681    118
     1    16   1122    686    118
     1    16   1120    691    118
     1    16   1118    695    118
     1    16   1115    699    118
     1    16   1114    702    118
     1    16   1112    705    118
     1    16   1109    709    118
     1    16   1108    713    118
     1    16   1105    715    118
     1    16   1102    718    118
     1    16   1099    723    118
     1    16   1096    729    118
     1    16   1095    732    118
     1    16   1095    736    118
     1    16   1095    740    118
     1    16   1094    743    118
     1    16   1094    746    118
     1    16   1094    750    118
     1    16   1095    753    118
     1    16   1096    756    118
     1    16   1096    760    118
     1    16   1097    764    118
     1    16   1098    768    118
     1    16   1100    774    118
     1    16   1101    778    118
     1    16   1102    781    118
     1    16   1104    784    118
     1    16   1106    787    118
     1    16   1108    790    118
     1    16   1110    794    118
     1    16   1112    798    118
     1    16   1116    804    118
     1    16   1120    810    118
     1    16   1124    816    118
     1    16   1127    820    118
     1    16   1130    822    118
     1    16   1132    825    118
     1    16   1135    827    118
     1    16   1138    828    118
     1    16   1142    831    118
     1    16   1145    832    118
     1    16   1149    834    118
     1    16   1153    836    118
     1    16   1158    839    118
     1    16   1162    840    118
     1    16   1165    842    118
     1    16   1169    843    118
     1    16   1172    844    118
     1    16   1175    845    118
