     2    991    701    122
     2    984    721    127
     2    973    744    133
     2    964    766    140
     2    956    784    145
     2    949    799    150
     2    940    821    156
     2    935    833    159
     2    930    844    163
     2    927    856    166
     5    799    579    143
     5    804    613    141
     5    803    632    140
     5    808    659    139
     5    812    680    134
     5    818    724    132
     5    818    742    131
     5    823    767    130
     5    825    785    129
     5    832    829    128
     6   1176    653    127
     6   1191    685    128
     6   1203    710    129
     6   1217    736    130
     6   1226    752    131
     6   1248    787    130
     7   1278    886    113
     7   1266    872    117
     7   1254    857    121
     7   1242    834    126
     7   1229    812    131
     7   1218    790    136
     7   1205    765    141
     7   1199    752    143
     9   1307    868    117
     9   1291    856    123
     9   1272    843    131
     9   1253    827    139
     9   1214    797    155
     9   1190    780    164
     9   1155    755    178
     9   1120    728    193
     9   1093    709    207
     9   1075    692    215
     9   1047    667    231
    13    659    935    170
    13    682    892    174
    13    699    859    176
    13    713    834    178
    13    739    784    176
    13    765    736    180
    13    785    705    172
    13    813    649    176
    14    655   1036    142
    14    675    997    142
    14    687    978    142
    14    706    943    143
    14    727    912    143
    14    747    879    143
    14    765    849    143
    14    781    818    143
    14    802    783    143
    14    811    768    143
    16    764    711    157
    16    770    691    158
    16    779    664    158
    16    786    638    159
    16    793    612    159
    16    801    579    160
    16    806    565    160
    16    812    547    160
    16    816    513    163
    16    829    474    164
    17    782    702    149
    17    792    676    153
    17    798    658    156
    17    803    644    158
    17    809    626    161
    17    815    614    163
    17    828    584    165
    17    836    565    168
    17    844    546    171
    17    852    527    174
    17    863    504    182
    17    881    465    185
    17    890    440    189
    17    896    426    192
    17    905    401    196
    17    917    376    199
    17    924    357    202
    17    930    343    204
    17    948    318    209
    17    962    300    210
    17    980    276    214
    19    727    886    162
    19    742    860    163
    19    752    839    163
    19    765    819    164
    19    771    809    164
    19    785    783    167
    19    796    763    168
    19    807    743    168
    19    815    731    168
    19    835    703    168
    19    849    681    173
    20    854    672    169
    20    873    652    169
    20    884    637    168
    20    893    627    168
    20    906    617    168
    20    926    598    163
    20    951    580    164
    20    975    559    154
    20    999    545    155
    20   1023    526    147
    20   1060    498    148
    20   1094    470    147
    20   1107    458    147
    20   1128    440    147
    20   1151    421    148
    20   1176    398    145
    20   1201    374    146
    20   1212    361    146
    22    815    644    107
    22    834    592    120
    22    845    562    127
    22    866    513    139
    22    878    480    146
    22    903    436    158
    22    911    418    162
    22    926    391    169
    25   1237    387    255
    25   1231    431    254
    25   1227    489    254
    25   1228    558    252
    25   1226    586    249
    25   1220    630    246
    25   1214    668    242
    25   1202    733    236
    25   1193    780    225
    25   1188    807    216
    32   1382    269    239
    32   1379    357    240
    32   1379    400    241
    32   1379    438    242
    32   1380    509    249
    33   1357    385    203
    33   1365    342    204
    33   1377    297    205
    37   1233    357    168
    37   1267    427    181
    37   1281    452    185
    37   1299    482    195
    38   1061    628    206
    38   1086    663    203
    38   1107    690    202
    38   1119    703    201
    38   1131    713    201
    39   1136    720    199
    39   1173    762    196
    39   1205    802    196
    42    899    732    239
    42    939    723    240
    42    959    720    240
    42    976    719    241
    42   1011    711    241
    43    996    773    226
    43   1029    757    213
    43   1059    744    202
    43   1072    739    197
    43   1090    730    190
    43   1104    724    185
    43   1112    719    181
    43   1127    713    176
    45   1004    653    157
    45   1015    649    161
    45   1026    645    165
    45   1036    640    168
    45   1049    631    171
    45   1059    626    170
    45   1082    610    165
    45   1098    598    167
    45   1110    586    168
    45   1119    575    167
    45   1124    564    168
    45   1131    552    166
    45   1141    533    162
    45   1144    524    160
    45   1146    496    152
    45   1144    476    142
    45   1144    459    134
    45   1142    451    128
    46    855    589    159
    46    871    573    158
    46    884    559    158
    46    889    552    157
    46    903    534    154
    46    916    518    154
    46    926    503    153
    46    935    494    153
    46    948    477    151
    46    956    467    150
    46    961    462    150
    46    979    443    148
    46    998    421    148
    46   1021    393    151
    46   1031    380    151
    46   1053    355    151
    46   1059    346    150
    46   1063    336    150
    46   1069    329    149
    46   1077    313    149
    46   1090    293    148
    46   1102    277    146
    48    676    603    199
    48    694    588    192
    48    705    578    188
    48    723    564    182
    48    729    560    180
    48    747    544    169
    48    758    533    165
    48    775    519    159
    48    788    510    154
    48    805    498    151
    48    813    492    148
    48    819    486    146
    48    829    478    142
    49    841    458    107
    49    855    447    109
    49    875    431    111
    49    890    420    112
    49    916    403    114
    49    946    380    122
    49    967    364    120
    49    997    338    123
    49   1017    319    126
    49   1036    300    132
    49   1050    284    135
    49   1066    268    137
    50    941    287    115
    50    925    313    114
    50    910    339    115
    50    898    359    116
    50    884    378    116
    50    871    399    119
    50    857    422    120
    50    847    441    122
    50    841    462    128
    50    837    483    131
    50    833    504    133
    50    832    519    135
    52    757    889    134
    52    775    872    139
    52    790    858    142
    52    810    837    147
    52    822    826    150
    52    838    814    158
    52    859    790    164
    52    881    765    170
    52    901    739    177
    52    915    714    182
    52    922    696    186
    52    938    664    193
    52    947    636    199
    52    952    624    202
    52    958    604    202
    52    976    561    211
    53    767    690    129
    53    758    675    132
    53    750    653    135
    53    740    623    139
    53    728    579    145
    53    719    542    149
    53    713    525    153
    53    706    495    156
    53    703    481    158
    53    698    457    162
    53    690    430    166
    54    690    421    157
    54    682    407    160
    54    674    389    163
    54    670    372    165
    54    665    357    167
    54    660    348    169
    60   1047    280    245
    60   1028    289    246
    60    987    313    242
    62    991    277    236
    62    962    303    227
    62    948    321    222
    62    907    356    210
    62    875    383    197
    62    853    404    191
    62    814    439    179
    63    834    490    117
    63    850    479    120
    63    879    457    125
    63    915    429    131
    67   1176    375    193
    67   1197    360    189
    67   1221    346    181
    67   1281    315    169
    67   1326    294    162
    67   1364    277    152
    67   1383    267    149
    68   1413    288    126
    68   1409    313    125
    68   1411    361    125
    68   1414    392    125
    68   1416    428    124
    68   1420    452    124
    68   1420    473    124
    68   1414    501    124
    72   1001    265    128
    72    982    282    127
    72    968    294    126
    72    942    318    125
    75    862    421    149
    75    886    396    152
    75    903    381    154
    75    924    365    156
    75    968    329    159
    75    993    306    162
    75   1015    285    167
    76    836    404    148
    76    852    390    151
    76    877    365    157
    76    907    338    163
    76    917    328    166
    76    927    315    169
    76    957    282    176
    77    808    472    141
    77    829    441    149
    77    852    404    158
    77    867    377    165
    77    885    349    176
    77    909    322    183
    77    931    295    190
    79    832    401    123
    79    867    366    122
    79    897    333    122
    80   1163    383    177
    80   1172    399    173
    80   1168    425    170
    80   1162    445    167
    80   1156    468    165
    80   1147    504    164
    82    821    555    175
    82    833    529    182
    82    849    490    193
    82    860    465    199
    82    881    425    211
    82    894    401    218
    82    911    379    224
    82    941    344    236
    90    856    415    173
    90    870    399    175
    90    898    365    179
    90    917    346    182
    90    940    325    185
    90    964    299    188
    90    986    282    191
    91    847    434    203
    91    865    416    203
    91    950    340    187
    91    981    310    186
    91   1002    289    186
    91   1018    267    190
    94    982    408    229
    94    983    389    227
    94   1000    311    209
    94   1010    280    205
    97   1026    291    153
    97   1008    311    149
    98   1009    283    140
   111    976    268    170
   111    956    283    166
   111    924    302    160
   114   1203    277    184
   114   1197    290    179
   114   1186    313    170
   114   1183    332    163
   114   1180    353    161
   120   1377    502    163
   120   1371    523    172
   120   1368    546    181
   120   1367    558    185
   120   1361    585    196
   120   1359    598    201
   128   1213    272    154
   128   1257    295    158
   128   1312    320    157
   128   1337    328    159
   128   1378    338    151
   130   1469    484    144
   130   1444    501    148
   130   1424    516    152
   130   1409    542    156